1.0 0.0 0.0 0.0 0.0 1.0 0.0 0.0 0.0 0.0 1.0 0.0
0.9733964228163386 0.12982184532087987 -0.18880066876427512 0.214302 -0.10494381008215202 0.9850926550106204 0.13630575105096837 0.069154 0.2036816161900656 -0.1128660689561256 0.9725096656098562 0.081037
0.8519700821428847 0.15088066558342073 -0.5013800992127133 0.475122 -0.04651818948368863 0.9756059814328344 0.21454376485844456 0.079832 0.5215199298019262 -0.15946157451116516 0.8382058035314562 0.121503
0.5966900160718213 0.16816384263658327 -0.7846540299711132 1.013408 0.01692720492026653 0.9749412166098748 0.22181770418261218 0.111996 0.802293272098051 -0.14563840903057132 0.5788911463835381 -0.119657
0.5407083108983473 0.2523137605794783 -0.8024788400622775 1.965735 -0.043099015578791394 0.961014002534659 0.27312005013996 0.142772 0.8401053489780885 -0.11309223295415514 0.5305027327581338 -0.748799
0.4772750967322218 0.22532446548542776 -0.8493746919310434 2.854988 0.021199002043211623 0.9633335762394264 0.2674677984396059 0.124466 0.8784981982631612 -0.1456616152027157 0.4549984719808581 -1.344794
0.42649837052799694 0.15146578967988117 -0.8917159045871134 3.765539 0.0881520777844352 0.9742246466547473 0.20764284007092626 0.13594 0.9001823988055148 -0.1671659427248367 0.4021532002529214 -1.864797
0.431763753420884 0.1422820016541662 -0.8906940514212466 4.691977 0.10663048683147919 0.9725042425487633 0.20703970030585467 0.107492 0.8956617668015042 -0.1843673784321408 0.4047204828768467 -2.478791
0.46503529990134024 0.11245542238612487 -0.878120690919892 5.583339 0.10676019057085344 0.9775368270439482 0.1817251041604464 0.124594 0.8788312873099964 -0.1782569206196727 0.44258336920431857 -3.154227
0.49154617968482317 0.2019904758689547 -0.8471022375696389 6.447712 0.05778168079992309 0.9630203367480993 0.2631598532708084 0.089524 0.8689324660761568 -0.17830221161783397 0.4616976182860356 -3.7579
0.4546844820763169 0.11411251042982362 -0.8833121513499039 7.418727 0.10100504541321648 0.9787538306260679 0.17843463743307572 0.048157 0.8849067761973949 -0.17035044466687635 0.4334982392602443 -4.339215
0.382875351669085 0.04772316288524975 -0.922566509693747 8.367186 0.1480029995262533 0.982595928525797 0.11225129565291803 0.011266 0.9118670830858555 -0.1795208649955622 0.36914859042902864 -4.974255
0.22908927203436924 0.04305210484399534 -0.9724528891968313 9.262759 0.18960879819048204 0.9779116847295036 0.08796158546925584 -0.008822 0.954759974594413 -0.2045366791996139 0.21586601810954498 -5.582819
0.19046782700231052 0.036030078245474245 -0.9810320281920684 10.12274 0.16757831584038535 0.9834653116420771 0.06865485311944614 0.014496 0.9672846090665965 -0.17747623575672794 0.18128064100864266 -6.152812
0.20632133184955403 0.06018004296074316 -0.9766319012059096 11.045297 0.1288757301646438 0.9877403989175816 0.08809058133913648 -0.005497 0.9699600786621873 -0.14403911543528797 0.19603616764837983 -6.680911
0.33796848178600253 0.08632378769821066 -0.9371902202843874 12.011188 0.09136812147133096 0.9880718114823197 0.12395951650779971 0.032932 0.936711893646101 -0.12752371948575533 0.32604988770194937 -7.205651
0.2948967975129607 0.043411715729247374 -0.9545424567582331 12.904288 0.12453671024600727 0.9887003783517799 0.08343961677854084 0.031732 0.9473787450738497 -0.14348165312851235 0.2861582230127371 -7.644221
0.21366944264557625 0.023352371846309547 -0.9766268663152169 13.823173 0.13080557862358544 0.9900280635319567 0.0522908598142442 0.075553 0.9681091208538828 -0.1389212012196685 0.2084841240267627 -8.054313
-0.05412739106480613 0.05398771923343275 -0.9970734936344913 14.892527 0.16364415365484009 0.985516245920312 0.04447830933979769 0.066515 0.9850334088299285 -0.16075775315395424 -0.06217819786535861 -8.258248
0.13871658311377438 0.05030668958860328 -0.989053561012686 15.87923 0.15432402242883608 0.9854104689060958 0.07176561761492932 -0.007005 0.9782340239792435 -0.16258980519363464 0.12892924251880372 -8.631279
0.2886927233142417 -0.018082361504267667 -0.9572510327536011 16.868204 0.1255182869530769 0.9919070939147399 0.01911744444168057 -0.082649 0.9491584015040756 -0.1256715769139732 0.28862602725704334 -9.059083
0.43073390964297037 -0.01023789905736524 -0.9024209020776133 17.762215 0.10120384409067765 0.9941764465936771 0.03702667929533984 -0.156414 0.8967865303543268 -0.10727711061200956 0.4292616224562678 -9.59208
0.6296145094931405 0.016507146795498286 -0.776732311379142 18.649231 0.07106139876225581 0.9943597020760324 0.07873411264004923 -0.152253 0.7736509852909541 -0.10476782422068409 0.6248902751414843 -10.180666
0.7836331256726727 0.17605613702310843 -0.5957544468696627 19.700766 -0.05813252581506395 0.9755750672243179 0.2118345997532718 -0.108544 0.6184979658744547 -0.13136789876818616 0.7747275271877163 -10.725064
0.600241068147984 0.18771354028682105 -0.777479444681051 20.666319 -0.020659187183480532 0.9753834766375983 0.21954560229544556 -0.142629 0.7995522860285532 -0.11571819345003637 0.5893432290365053 -11.121692
0.27100549970452015 0.1583568664084109 -0.9494625437536819 21.261774 0.042299600528064266 0.9834628125289273 0.17610122136958142 -0.180629 0.9616479412576464 -0.08788628581298022 0.2598253987602629 -11.161839
-0.23760110135834628 0.12644763700245287 -0.9630974570259216 21.884298 0.21522369990025964 0.9737002903599432 0.07474291641490619 -0.213618 0.9472193387143995 -0.18952239880673358 -0.2585667896617769 -11.064599
-0.5868011532092728 0.03153301725106049 -0.8091168490492038 22.523771 0.12923755674696014 0.9900792802512269 -0.05514229541186127 -0.272328 0.7993510245932909 -0.1369258472322046 -0.5850549135264137 -10.770358
-0.8019937832025947 0.0301190724097294 -0.5965725548343362 23.438087 0.11222080307644762 0.9885417378764656 -0.10095406793712969 -0.276528 0.5866962272430826 -0.1479123860714677 -0.7961843147069518 -10.090101
-0.7836598567466708 0.16344566446179765 -0.5993018802677237 24.199396 0.19948427904491445 0.9798801938964252 0.006389681012005287 -0.21219 0.5882884082979354 -0.11454396700894351 -0.8004976129159513 -9.378236
-0.7312828805983709 0.20544077532721647 -0.6503994437087884 24.935286 0.25355331791567826 0.9671064170962769 0.02039345446837837 -0.206241 0.6331951227842018 -0.14999755279388724 -0.7593185567587197 -8.574388
-0.7968997665743842 0.17526741062901874 -0.5781280972285392 25.653877 0.23478567804423406 0.971612252177942 -0.02907433237439934 -0.224334 0.5566205596445406 -0.15890552598669028 -0.8154278548050049 -7.52088
-0.7959993615740951 0.10785369138203388 -0.5956111127479927 26.246872 0.16501035824885452 0.9853932888948457 -0.042090947620408325 -0.275566 0.5823715292184345 -0.13178637052543887 -0.8021694051131057 -6.616899
-0.9377028652757741 0.045471500679001846 -0.34444982084420317 26.723644 0.0891438917108183 0.9896986922162802 -0.11202618085088553 -0.343188 0.3358075386650128 -0.13575286829892377 -0.9320968059833493 -5.665343
-0.9764644820977203 0.06609098676305653 -0.20530245169095362 27.165928 0.10074914961130002 0.9814280225525168 -0.16324412822903203 -0.343285 0.19070061367030455 -0.1800861405476342 -0.9649882164712827 -4.777584
-0.9794206417193757 0.018530165074100716 -0.20097721153487302 27.690514 0.05275602797275135 0.9846613504915979 -0.16630942956008468 -0.327341 0.19481275134483572 -0.17348964761734073 -0.965375229681737 -3.817175
-0.9629765119213104 0.07187296410330503 -0.2598278555483835 28.137629 0.11233969497787301 0.9831209137392102 -0.1444058928882725 -0.337414 0.24506331920576174 -0.16824846507349123 -0.954796535173997 -2.879938
-0.9817786084204083 0.07765559275870854 -0.17343694232020115 28.574133 0.10500799946033659 0.9823868284526469 -0.15456208892250453 -0.322065 0.1583795570691657 -0.16995801892244997 -0.9726408318112765 -1.950525
-0.9845605141585219 0.08963006759585057 -0.15035639308878773 29.08386 0.11053892469242632 0.9843810999235783 -0.13702188234398174 -0.361205 0.13572671103268102 -0.15152656894422553 -0.9790903731608445 -1.071466
-0.9730165981107102 0.01769167655008221 -0.2300558723047696 29.601883 0.06220037915224201 0.9802565327418851 -0.1876918827498286 -0.343111 0.22219318764169732 -0.19693687972978888 -0.9549063057535625 -0.157681
-0.9098824733170782 0.13263796658539204 -0.393091661792119 30.296665 0.207951630772052 0.9657008268937127 -0.155492868634046 -0.373478 0.3589846849235235 -0.22322428800848026 -0.9062565383121196 0.890917
-0.7752837305917348 0.13855467949227365 -0.6162286409041342 31.079044 0.206737784944082 0.9775660531995523 -0.04030012293114461 -0.453269 0.5968204297409545 -0.1586417738889861 -0.7865355441562567 1.661969
-0.9275909332515198 0.06537992538756278 -0.367832198027704 31.734179 0.10610322789938424 0.9901289444570531 -0.09157935563047957 -0.52885 0.3582138545323263 -0.12397636349191422 -0.9253716527517011 2.408497
-0.9986125622344822 0.007270133167817819 -0.052154536822839215 32.148766 0.017915783074940357 0.9782459779520715 -0.20667324775453422 -0.55918 0.049517423845494804 -0.2073208908535693 -0.9770189726670554 2.973486
-0.9693089896715973 0.09385652696572153 0.2272246353011929 32.847775 0.04906533460561907 0.9795174887895916 -0.19528973883788947 -0.541512 -0.24089972080072236 -0.17814724668449194 -0.9540602093247935 3.876729
-0.8083558323310013 0.2639360902595395 0.5262115435782101 33.32618 0.09064287155342876 0.9390058158639253 -0.3317407837608643 -0.506922 -0.5816740652401505 -0.220467272020661 -0.782974752974044 4.454379
-0.8012506997115877 0.3207366997438564 0.5050992829623804 34.021687 0.12841610558621913 0.9166954377631599 -0.3783897173685856 -0.538557 -0.5843856774748681 -0.2383221429528285 -0.7756906188298344 5.433757
-0.545123513889576 0.18792466318759737 0.8170218329827603 34.620602 -0.09714068571435275 0.9538297167320311 -0.284205134819621 -0.629566 -0.8327088577549939 -0.2342929628578752 -0.5016998761925817 6.107396
-0.11874984904718983 0.20922918697293255 0.9706294971151022 35.043037 -0.11977138366130499 0.9673901316710172 -0.22318411413312855 -0.6303 -0.9856740277633 -0.14275671775499216 -0.08981776287959636 6.033566
0.2866701346249011 0.15506122284300894 0.9453974037856102 35.338989 -0.18584942107651342 0.9770693411296596 -0.10390137299371029 -0.629224 -0.9398298923739691 -0.14591613959697547 0.30891463805629227 5.973561
0.6314568820281096 0.1869615249347403 0.7525341150628421 35.686848 -0.284570914202352 0.9586547953996327 0.0006148555326962596 -0.603191 -0.721305483778805 -0.21453757584946498 0.6585529801156922 6.034603
0.9485147056663917 0.15352090327933118 0.27704004293765283 36.195198 -0.1907520002823748 0.9751459568528352 0.11271218754793688 -0.641755 -0.25285080091403933 -0.15975510974571877 0.9542246996317284 5.827097
0.9731709728587652 0.11953250327063186 -0.19659663844272807 36.496174 -0.07452139214869527 0.9721514953526862 0.2221891810952022 -0.645056 0.21768054505937073 -0.20157740633660448 0.9549773450492229 5.472258
0.9434358881853143 0.10863142755654914 -0.31325379140724463 36.863583 -0.02799294766272204 0.9675263094857529 0.25121551571117473 -0.599801 0.33037118482873085 -0.22823683620289162 0.9158399569984678 4.376146
0.9916254778238833 0.09898359136254373 0.08295275987891056 36.865967 -0.11292745851751712 0.9762142875144506 0.18507580599697046 -0.590144 -0.06266020143065042 -0.19289352890552539 0.9792169247225273 3.379537
0.9104758720932491 0.10120205138670615 0.4009885673322374 36.463245 -0.16489267020639445 0.9780272860651502 0.12756580664207134 -0.596187 -0.37926783893212335 -0.1822656646413679 0.9071577226946799 2.37433
0.8186944608124133 0.20500746809389625 0.5363872834629867 35.623016 -0.29783996901935217 0.9502283445391743 0.09141906851905728 -0.517551 -0.49094880862430423 -0.23460185689817303 0.8390061001269931 1.389417
0.8903890660338332 0.20097221938742804 0.4084329542555179 34.746712 -0.27798385395350356 0.9505824515082547 0.13826778303608542 -0.473363 -0.3604612157064276 -0.23664988890563263 0.9022552532694926 0.595818
0.9217674997410251 0.11648270592996379 0.3698330104796127 33.986835 -0.19935122627951546 0.960461236639846 0.19435354767307908 -0.443593 -0.3325714434554373 -0.25287544786216787 0.9085429229631781 -0.261264
0.8396233791869134 0.03218258785378276 0.5422147749386605 33.316296 -0.13323891465195223 0.9799472954360328 0.1481576518104101 -0.40711 -0.526573805600999 -0.19664073638653431 0.8270746326954075 -1.205727
0.6887683058095784 0.004411723947147832 0.7249681079909777 32.605724 -0.0703600821561044 0.9956677697723535 0.06078775432218496 -0.391225 -0.7215592004480228 -0.09287749419726095 0.6860948121946765 -2.140217
0.43526528023885597 0.05695811279028259 0.8984986973869024 32.08007 0.09872396063432715 0.9889587138315195 -0.110518061570855 -0.375537 -0.8948730163633624 0.13680802507191206 0.4248362612356213 -2.602893
0.41208166986861094 0.13036384023750733 0.9017726800678911 31.6411 -0.04787985641644766 0.9914424238697072 -0.1214472704547151 -0.18098 -0.9098880242688316 0.0068694475680379855 0.4147970515592806 -2.87309
0.6316432454673856 0.06609242512444631 0.7724367946936488 31.227617 -0.0775804157387537 0.9967467348759497 -0.02184549399615537 0.099546 -0.7713676746851859 -0.046127408937673725 0.6347158203444014 -3.407299
0.8298763016741671 -0.037519372240778726 0.5566844892991584 30.78796 -0.04148386307474071 0.990825706502108 0.12862157065980387 0.378787 -0.5564031029963826 -0.12983341650459881 0.8207063244149764 -3.867729
0.9761599391597247 0.07617152162770123 0.2032478104989178 30.677052 -0.09980649265118972 0.9890535258741816 0.10868204534566976 0.506266 -0.1927444868325716 -0.12637650987731402 0.973076842056617 -4.062086
0.9834144349152151 0.09280203545808734 -0.15583270329178273 30.313831 -0.07401567700016408 0.989727618656252 0.122314841402148 0.603973 0.1655829965865948 -0.10875211760633051 0.9801812323022427 -4.358293
0.8478775262176457 0.12562540808336006 -0.5150941247761762 30.002275 -0.04702167357682463 0.9855124896530019 0.16295427257969186 0.615558 0.5281028903055542 -0.11394467772489952 0.8415010087154314 -4.704475
0.5860365606178768 0.0761436495073002 -0.806699010944528 29.671806 0.031203103671421872 0.9927157229719097 0.11636949637095513 0.617812 0.8096835900155324 -0.09336829228420461 0.5793917897722501 -5.07403
0.17610165554353585 0.12491609536842449 -0.9764139368283992 29.441599 0.06429508084883898 0.9883378873305434 0.1380375421602393 0.624641 0.9822699982659898 -0.08708725271189383 0.16601644774427515 -5.449534
-0.2285635372114468 0.08139490048574263 -0.9701203944007714 29.256054 0.10135425752315791 0.9930730332224429 0.059441274955260956 0.612261 0.9682386193182554 -0.08473972422243066 -0.23523000488752582 -5.747521
-0.6292151390948741 0.040330386975927716 -0.7761841074256738 29.233397 0.14481328011082337 0.987248928923955 -0.06609588672563241 0.523687 0.7636212560146308 -0.15399029912587137 -0.6270323477602748 -5.951129
-0.5840276241680125 -0.09375590750716661 -0.8063011621076674 29.189888 0.06940323148944114 0.983902606072034 -0.16467802896404637 0.458243 0.808761352728659 -0.15213642421250695 -0.5681193384847432 -6.049891
-0.2863527602938834 0.15006752034390503 -0.9462990203999502 29.155443 0.21057780711089824 0.9733661451840625 0.09063848278674976 0.604155 0.9346973220376953 -0.17331499285217727 -0.3103269718026627 -6.130751
-0.04703807150256939 0.17763078866067758 -0.9829723916515177 29.104181 0.09118788780681289 0.9807162527405553 0.17285948260901163 0.623515 0.9947221667112135 -0.0815041994642533 -0.06232877764756767 -6.037365
-0.08884838009304796 0.2521792363802262 -0.9635930666487423 29.31942 0.2227116217838658 0.9479555897277558 0.22755160607278385 0.623515 0.9708272240091137 -0.19438578302589182 -0.1403875652619182 -5.864761
-0.19376221746008815 0.26070486265907294 -0.9457743798976916 29.325962 0.2365907766316739 0.9480082853624787 0.2128499360979804 0.617132 0.9520929615839888 -0.18251921945375196 -0.24536855347053388 -5.657028
-0.3207638700256056 0.32896216296531594 -0.8881972951002371 29.351566 0.26626706330328337 0.9312499020482193 0.2487478058898761 0.634087 0.9089622603199993 -0.15670837652264508 -0.38630311161262354 -5.645098
-0.41237485412082847 0.3150884483069529 -0.8547901786007734 29.361689 0.24329077312031538 0.9422958876823615 0.22997404151649262 0.629163 0.8779274340190906 -0.1131270515854936 -0.4652372414115495 -5.619411
-0.45181955966779225 0.31908581467117636 -0.8330926289298413 29.36236 0.2434353460146417 0.9425037612170348 0.22896701160314475 0.628022 0.8582530616387769 -0.09935241802480027 -0.5035184000811603 -5.609499
-0.5065744959227952 0.32479904449588537 -0.7986788220399526 29.349968 0.24318825287337842 0.942545130312569 0.22905927396299952 0.631172 0.8271890677136395 -0.07819372109461604 -0.5564566364384719 -5.598342
-0.3841983844798771 0.2955200419110827 -0.8746768009910432 29.261984 0.15777663137074466 0.9544677332298399 0.2531755928528495 0.628523 0.9096692453613858 -0.04073390543470615 -0.4133311178603465 -5.661269
-0.4947697120047455 0.2711257628712886 -0.8256474748887707 29.033895 0.15740725572283953 0.9623302506022987 0.22168320780231 0.616594 0.8546495702500213 -0.02028076633609642 -0.5188090232332846 -5.940467
-0.658281308482619 0.26060814602224347 -0.7062217166933202 28.976307 0.24656738074594053 0.9610543426583592 0.1248161736699038 0.633672 0.7112455593214608 -0.09196708478775556 -0.696901578173808 -6.07844
-0.7868139416735966 0.2698984245470303 -0.5550483416920453 29.011644 0.25165513360659253 0.9614556414303255 0.1107824141786493 0.614352 0.5635543584406979 -0.052515616618609304 -0.8244080270677021 -6.28532
-0.9051991135172511 0.30640490582964636 -0.29450059180094795 29.062054 0.3084976770496843 0.9503602197543711 0.040554111547073037 0.640991 0.29230762587132714 -0.054143202638459516 -0.9547904301287898 -6.612053
-0.9497891252887602 0.30550328788801273 0.06758963361956036 29.221849 0.3039414658517122 0.9521345425640775 -0.03254839769033317 0.628546 -0.07429806739831704 -0.0103708218531429 -0.9971821514823489 -6.82697
-0.8875605878709574 0.10045479169491535 0.449605424437575 29.318171 0.05477584389581115 0.9920252160238856 -0.11351465851714841 0.601725 -0.45742300967885574 -0.07612362050174869 -0.8859849799054402 -6.873499
-0.9417914242587162 0.05742090281730382 0.33125783479396315 29.223185 0.018024033991112937 0.9925131570736463 -0.12080052663126542 0.605449 -0.33571423471670964 -0.10779829755311357 -0.9357753361000836 -7.127145
-0.8403231263628663 -0.01094452451810184 0.5419753321718718 29.22904 -0.04044681047612528 0.9982751560528789 -0.04255312362105361 0.603027 -0.5405747855958937 -0.057679547420840055 -0.8393163712136684 -7.855006
-0.6071131421621677 -0.003009523743393439 0.7946097000294029 29.386496 -0.024687676503657066 0.9995815210339513 -0.015076519369655397 0.558285 -0.7942317994407114 -0.028770220268374152 -0.6069333762307679 -8.199096
-0.21666981689745257 -0.11377497569891801 0.969592411970275 29.586723 -0.02007196802311017 0.9934948244279758 0.11209437958481772 0.488194 -0.9760385784103536 0.004825840811358395 -0.21754402937143524 -8.41962
0.1519772947517284 -0.1535394467472957 0.9763854465181674 29.829744 0.012910809018082517 0.9880845556523319 0.1533695598605953 0.479019 -0.988299657437179 -0.010702764776845258 0.1521487362277013 -8.517856
0.5149328608713729 -0.09061832270457877 0.8524273977207866 30.167166 0.04803201191518246 0.9958847546263261 0.07685363579065117 0.530203 -0.8558837973850206 0.0013693403781062513 0.5171663661537995 -8.654866
0.829638442394221 -0.06692283968740317 0.5542755527983041 30.751286 0.0503850878617264 0.9977134444180684 0.04504692829262191 0.539518 -0.5560228392996618 -0.009445440995985478 0.8311133411403853 -8.816467
0.9802249849532154 -0.13915107811361335 0.1406981035170255 31.214285 0.13131371391607313 0.9893000808084809 0.06357718655226108 0.542208 -0.14803947923117078 -0.04384435621778915 0.9880091016872321 -9.199563
0.9970304913364639 -0.0683862384885422 -0.03540510882284863 31.921307 0.06900222188899202 0.9974804196361847 0.016477433562403557 0.564075 0.03418907310460219 -0.01887153485568527 0.9992371952907072 -10.131083
0.9924988525014653 -0.05876809522078463 -0.10720232631522385 32.387421 0.060787041786090346 0.9980278933180385 0.015660769778475463 0.571695 0.10607055828160351 -0.022059808323716124 0.9941138775424827 -11.017483
0.9482670917921414 -0.07887446774952912 -0.3075196594712329 32.964203 0.07864075709601216 0.996815985644459 -0.013172778257905979 0.566396 0.3075795083347403 -0.011692266713278351 0.951450543618356 -12.045738
0.909035346795622 0.041829865791417134 -0.41461427930552 33.591778 -0.008331151726882494 0.9965746664022599 0.08227713045633421 0.6255 0.41663572840920327 -0.07133860534869606 0.9062700884393329 -12.836142
0.8970848012366721 0.11158983370565298 -0.4275354586507482 34.232491 -0.03620589077160288 0.9828949831668631 0.18057293689489326 0.635764 0.44037256143360665 -0.1465099350861813 0.8857803599411356 -13.670028
0.9972724620003192 0.020972718977605206 -0.07076568090896192 34.492054 -0.006588076741156749 0.9802462834918714 0.1976709916634887 0.62389 0.07351349386796445 -0.19666562678582342 0.9777107943866962 -14.432225
0.9124953613126741 -0.030162807529530364 0.4079735538301336 34.511383 -0.06741720406192246 0.9725547461108174 0.2226930318034147 0.602777 -0.4034936631216474 -0.23071079484770557 0.8854182022984475 -15.175138
0.6783960716772129 -0.14464288950189955 0.7203174331150591 34.255714 -0.055893036174697125 0.9674267649473651 0.24690367144019995 0.563002 -0.7325672245194296 -0.20775920913407783 0.6482139867203444 -15.552629
0.3443063686843508 -0.20108144263512212 0.917071086618248 33.918156 -0.11999610874504135 0.959358719968633 0.25540512975700863 0.541714 -0.9311573757262755 -0.1979825746067676 0.3061843264810131 -15.777713
-0.16200045077318276 -0.3079981098348517 0.9374929430600769 33.518734 -0.18229265232786684 0.9430317441661022 0.2783172980651961 0.494204 -0.9698068069757799 -0.1258105473845432 -0.208917360002094 -15.86163
-0.48753225160062835 -0.42331432379429434 0.7636211671501789 32.948467 -0.3589610930738776 0.894448925825615 0.2666609321753205 0.42275 -0.7959015248813317 -0.14410448417722185 -0.5880260711325547 -15.671726
-0.7273320429539264 -0.45184232342770797 0.5165526246685022 32.487019 -0.4097652254368585 0.8897070609315941 0.20128041571684285 0.336269 -0.5505275282083071 -0.06526760672734282 -0.8322617257791786 -15.285405
-0.8243141565812366 -0.31762347199868457 0.4686379213158759 31.826283 -0.2887126317567992 0.9479046136982436 0.1346174564967194 -0.157736 -0.4869817116933932 -0.02433461249093772 -0.873073100668603 -14.51173
-0.9001781810409366 -0.24338222241308344 0.361170785351057 31.538967 -0.2402157199280171 0.9691940266388142 0.05439987708723673 -0.485272 -0.36328453074318395 -0.03778931781483219 -0.9309115517501083 -13.99901
-0.8368579413801984 -0.2204316363565194 0.5010775185957599 31.225924 -0.2076247418538837 0.9747609956961165 0.08205466372866493 -0.755773 -0.5065182647437356 -0.03536799347861426 -0.8615035417909158 -13.519721
-0.8679237748478302 -0.21626157723369935 0.447145671192606 30.899044 -0.19971917123233526 0.976204643482241 0.08447926778790352 -1.086635 -0.45477530022656526 -0.015981997875855643 -0.8904628021695987 -13.117202
-0.9327316506795099 -0.12804388716884868 0.33707036473022706 30.330431 -0.1095640193893776 0.9912679168198847 0.0733733108072053 -1.570785 -0.34352204219805343 0.031506825328138144 -0.938615963257509 -12.442613
-0.9732773749023629 -0.20404567570651774 0.10533999111750596 29.729536 -0.20095190047307962 0.9788122357386673 0.039305735771376846 -2.130261 -0.11112823763302977 0.017087111919291412 -0.9936591696385813 -11.709612
-0.9624473172057204 -0.17266351658458903 -0.20948143508233708 29.367426 -0.16654361845704255 0.9849300122446947 -0.04664862410512287 -2.65624 0.21437906790250555 -0.010009046923127131 -0.9766992547478184 -10.770483
-0.8711480361267147 0.04365970085349909 -0.4890755868717546 29.354641 0.10380045431058406 0.9899034916094364 -0.09652224087930682 -2.91707 0.47992349894278424 -0.13485142869406147 -0.8668843794541957 -10.046176
-0.6388102304707217 0.02759775861660954 -0.7688692041987913 29.670309 0.18084699896232864 0.9767415888503976 -0.11519649116323108 -2.945963 0.7478073631706651 -0.21263638524330739 -0.6289434913077621 -9.513205
-0.14573959689002436 0.02227297302447885 -0.9890722342533858 30.238277 0.21344870681786537 0.9769085415470793 -0.009452566325581918 -3.110426 0.9660225770944044 -0.2124938025567085 -0.1471283943325572 -9.150643
0.28485833859873355 -0.117082471446903 -0.9513923595502828 30.973934 0.2341671002851795 0.970941705203141 -0.04937584673955124 -3.173954 0.9295275660650416 -0.20871966840023032 0.3039977038533316 -9.100514
0.6799113153865439 -0.1476764755920511 -0.718270326385582 31.698988 0.180531074771478 0.9830733487625755 -0.031230145606305527 -3.203324 0.7107243729120277 -0.10843638461995289 0.6950628865357141 -9.345271
0.7836785214518492 -0.006865446753136779 -0.621128682847543 32.528786 0.10178188387965822 0.9878432682927285 0.11749946979730715 -3.155068 0.6127711017410592 -0.15530145823404354 0.7748503300260177 -10.03831
0.8049628966509096 0.026690849726735775 -0.59272450055337 33.156494 0.07183858660057317 0.9872537013870196 0.14201882471299945 -3.113452 0.5889600601828694 -0.1569003748832186 0.7927851662782904 -10.927562
0.9587497891983814 0.05952205379740705 -0.2779495760453644 33.571438 -0.015731347628780604 0.9874423451466705 0.15719459186952317 -3.10332 0.2838157261566767 -0.1463377604139891 0.9476465023747918 -11.958667
0.9989926731858422 -0.015543110297271432 0.042095731889263105 33.824253 0.010784451735047659 0.9937620534528712 0.11099854376480747 -3.138401 -0.043558403572448515 -0.1104327525665294 0.9929286342123487 -12.988731
0.990747467910921 -0.11494732789707579 0.07215654258222956 34.065529 0.1118294409831985 0.9926681824978553 0.04586998567462791 -3.210424 -0.07690013626440653 -0.03737634633999673 0.9963379837067283 -14.186981
0.9077966744306407 -0.3631784721955959 -0.20977748979893582 34.362705 0.3636570602064387 0.9307696664515928 -0.03770106862679044 -3.423739 0.20894674071322691 -0.04206216051588543 0.9770220233945885 -15.023603
0.9152705168999697 -0.16491022896525792 -0.36753842965911526 34.664383 0.17763245583144854 0.984096575586416 0.0008003464112628644 -3.261476 0.3615613247140113 -0.06601928734631836 0.9300079903792943 -15.734659
0.9226497502399995 0.049526509630131985 -0.38244550360270035 35.271183 -0.01946381136449235 0.996435542484804 0.08208148220020137 -3.134986 0.38514750217187455 -0.06828861191202351 0.9203249790448453 -16.403751
0.8334798777165463 0.2546555724810759 -0.49036907819105663 35.719006 -0.15043946917762083 0.9585241280532235 0.2420732576171177 -3.110826 0.5316758970981915 -0.12799232533297947 0.8372208221853361 -16.802574
0.7473645837223226 0.20314576411795737 -0.6325962199685442 35.9147 -0.04302019819236236 0.9649090303773072 0.25903634039225987 -3.110347 0.6630199405335027 -0.16638017194742916 0.7298782068521397 -16.85825
0.5467698885357095 0.19587051251425297 -0.8140500177004187 36.174252 -0.012644368562926209 0.9740727964840578 0.22588117914818123 -3.123484 0.8371874395464215 -0.11321187869270494 0.5350703333100945 -17.185749
0.5485824578577522 0.21338394018305215 -0.8084086720234412 36.417206 0.013196123263567588 0.9645543051022174 0.2635542730436973 -3.112474 0.8359923141163207 -0.15524911136858283 0.5263217306531291 -17.493891
0.355023667998294 0.21325988474088253 -0.9102078975274511 36.432102 0.0638491917082062 0.9658281257190765 0.25119576486912526 -3.110468 0.9326743675470267 -0.1472964803730274 0.32927537258421335 -17.466137
0.344507582491679 0.1970495622459354 -0.9178703588331114 36.434929 0.05477477228094474 0.971838312251474 0.22919428256781962 -3.114526 0.9371842134432857 -0.12923530809686698 0.32401232262646773 -17.465929
0.23934181924540032 0.156003498928898 -0.9583206153904045 36.406368 0.044877621420058765 0.9841752804862149 0.17142058329021648 -3.124639 0.9698976712292797 -0.08403526403731641 0.22855323612278722 -17.485353
0.22231179225944736 0.1791996751007765 -0.9583657670566958 35.902306 0.012929900219274551 0.9823354953240313 0.18668099074841588 -3.132139 0.9748898833728414 -0.05389295937566123 0.21606773064717794 -17.768667
0.041816545275553896 0.13294962666726706 -0.9902402603965624 35.575188 0.10055300605317168 0.9855151256671911 0.13656145156980207 -3.182504 0.9940525486687756 -0.10528216302021384 0.027842353257164665 -17.94805
0.45997324513903354 0.1953592390662554 -0.8661751447990877 35.496365 0.0865986050481356 0.9609758703333533 0.2627281070627421 -3.142869 0.8836997767115164 -0.19585745926185272 0.4251053519911366 -17.840235
0.7071152118358917 0.2380353458554525 -0.6658282446049862 35.51297 -0.07554526501177679 0.961676943181703 0.2635723238259209 -3.10942 0.7030512002155908 -0.13607582840523447 0.6979988386804428 -18.035524
0.8360426697372573 0.23316424507314287 -0.4966559062349617 35.765137 -0.14514915152372654 0.9669501576566423 0.2096165938558709 -3.058355 0.5291166016962064 -0.10315923335924047 0.8422551836481579 -18.884716
0.8338595333769296 0.148179195311505 -0.5317153417696767 36.361336 -0.09348145673331529 0.9872888998722616 0.12853733090443714 -3.100895 0.5440032130818959 -0.05747655405340797 0.8371122683909962 -19.853582
0.8021756624206514 0.07685324209773732 -0.5921214282552659 36.99884 -0.01977085055276954 0.9945568899616117 0.10230203369584967 -3.084285 0.5967606891279028 -0.07035745737982069 0.7993287859839888 -20.634995
0.7631822206673211 0.031712554330112226 -0.6454046885134603 37.655029 0.02571279985843642 0.9965135779135026 0.07936964758312881 -3.079854 0.6456715496138397 -0.077168665479518 0.7597060267546742 -21.448944
0.7499727429525974 0.0705017634199541 -0.6577008333450962 38.506557 -0.01876256912475358 0.9961710142037951 0.08538897153626551 -3.037599 0.6612025792659886 -0.05169924385190891 0.748423902181875 -22.275021
0.3814625646302226 0.1807461947291699 -0.9065412979432644 39.085442 -0.005152547252955969 0.9810979529194983 0.19344316486755542 -3.011489 0.9243699275952998 -0.06912032890615594 0.3751834445832672 -22.750301
-0.10764028482991206 0.11074005828830183 -0.9880031419849025 39.147461 0.08199151854855072 0.99138057305729 0.10218586130528129 -3.038949 0.9908031893205826 -0.07000856272559114 -0.11579223280194095 -22.734367
-0.4702080038263731 0.03380315383113106 -0.881908033713656 39.026436 0.0064116575407875895 0.9993706981766459 0.03488693557054911 -3.050164 0.8825323358297972 0.010749624039605868 -0.4701288353183732 -22.579445
-0.5079831189138176 0.05159569489975951 -0.8598203505188752 38.793407 0.11425443446059025 0.9934201970775928 -0.007888995145622163 -3.025032 0.8537558638771866 -0.10224576424540967 -0.510535727044828 -22.349546
-0.15174304497436725 -0.047704924756602894 -0.987268093506457 38.872211 0.05085339363094673 0.9971349819877218 -0.05599785757117577 -3.044384 0.9871109262175773 -0.05870321839824931 -0.14888234110049553 -22.521324
0.23019228003862918 0.045491330436184946 -0.9720812996173538 39.102001 0.008325183190366764 0.9987781639297744 0.048712119456206765 -3.032031 0.9731095547447186 -0.019305908738382574 0.22953229914833567 -23.006229
0.5646459734673648 0.11920566913602496 -0.8166792106408274 39.556171 -0.01275340168900671 0.9906565854596815 0.13578247468183788 -3.028853 0.8252346789807437 -0.06625358957217076 0.560890529850836 -23.449875
0.6088184269790115 0.09749783428193748 -0.7872955577679414 40.503479 0.007898178132129695 0.9916249151049934 0.12890945087621686 -3.051239 0.7932702829130783 -0.0847006496630721 0.6029494657047623 -24.285322
0.4698194585994655 0.273777930197289 -0.8392349618898117 41.238945 -0.054953594242865694 0.9579183944950269 0.2817311696775144 -3.017027 0.8810503838039546 -0.08624380803836439 0.4650937827728362 -25.000797
0.24191365102091944 0.23563560458927804 -0.941251107462602 41.490654 0.05507568168930696 0.9651655314129116 0.25577757184493416 -3.017987 0.9687334281091922 -0.11371613263859144 0.2205089259906169 -25.223244
0.6169157625536438 0.24619669138694775 -0.7475306890442537 41.471069 -0.02186729402230328 0.9548084146737977 0.2964164515006745 -3.03066 0.786725341758481 -0.16651750784295813 0.5944200166689981 -25.052853
0.7682727268279205 0.28739017404596795 -0.57198243423572 41.55822 -0.1259599972623795 0.9439536839325153 0.30509919973656824 -3.010705 0.6276074380550736 -0.16235248828416915 0.7614135362901594 -25.425951
0.5682700273561729 0.16403859616167826 -0.8063253158483371 41.924915 0.01459125507714211 0.9777641218613553 0.20919946767610736 -3.006547 0.8227127513803884 -0.13064708557789856 0.5532405152789452 -26.528044
0.4255330304847369 -0.035122578848991226 -0.9042610488246593 42.721142 0.15719849474418696 0.9869236379736958 0.0356421949229818 -3.103526 0.8911847581824087 -0.1573154069497403 0.4254898230505634 -27.44548
0.49729918962520103 -0.004386539057811643 -0.8675680228507808 43.578716 0.0663511477844046 0.9972507821318135 0.03299094914031292 -3.050294 0.8650381732535338 -0.07397050636963969 0.4962230577085356 -28.294884
0.5389908950400712 0.08114509000562595 -0.8383938748773645 44.35117 0.010578353253117616 0.9946182526139121 0.10306614385772056 -2.99809 0.8422451623525986 -0.06442053969990438 0.5352318007727287 -28.938316
0.46374601105919716 0.10060462721314217 -0.8802376646167717 45.331451 0.035510696060827296 0.990622852565211 0.1319293539771964 -2.981368 0.8852562497333522 -0.09243956381804025 0.45582485600192085 -29.711483
0.4357036630744731 0.07338184989639213 -0.8970938758509444 46.314957 0.061593302661065275 0.9919040730170985 0.11105212739697094 -2.990087 0.8979802798785665 -0.10364079330974861 0.42765640754154205 -30.451147
0.25686659825166763 -0.03505025553073487 -0.9658110738078368 47.112488 0.08287200749819618 0.99646013518754 -0.014121945873318133 -3.01205 0.962887210983631 -0.07641124635327053 0.25886201025817696 -31.169724
0.3731332082063285 0.04449570783733347 -0.9267101709367973 47.882866 0.07606152634704355 0.9940198297647422 0.07835318911334425 -2.996492 0.9246546669667608 -0.09972316690984172 0.367517396646827 -32.120804
0.19169893979123964 -0.027833885658507848 -0.9810590151933085 48.61544 0.1909964037869728 0.9815450247169326 0.009473024537084165 -3.035206 0.9626899242348799 -0.1891947125650864 0.19347731265979484 -33.026737
-0.1497746384716942 0.11635790824364661 -0.9818494766815518 49.029858 0.20238580584837812 0.9756319409199736 0.08474845985519816 -2.958697 0.967784864141704 -0.18601922762415893 -0.1696741102594485 -33.407196
-0.43972122270278824 0.1701286721354483 -0.881873846546202 49.705143 0.24982086445387963 0.9663145347131821 0.061852693438224166 -2.95221 0.8626904323036634 -0.1931125446973235 -0.4674107006608246 -33.822403
-0.5302126582948603 0.12954212893399497 -0.8379101227549087 50.772938 0.22375857405717675 0.974602258924933 0.009085011519928868 -2.976034 0.8178059901466833 -0.18267258614709136 -0.545732616535366 -33.984501
-0.6683392428315312 0.06083536008856155 -0.7413647654523857 51.78767 0.15025236900311142 0.987147203417884 -0.054448364467669555 -3.010483 0.7285237690702538 -0.1477817909863945 -0.6688898714680357 -33.620773
-0.475427419379835 0.07961660035877513 -0.8761449456848689 52.842949 0.15761753362914463 0.9874912775695454 0.0042059263822285115 -3.029619 0.8655203533103633 -0.13609619271448542 -0.48202940193947275 -32.998627
-0.17172006987985422 0.06155521652133098 -0.9832208159510609 53.847839 0.12026588710227293 0.9918908409166973 0.041093504414575446 -3.022366 0.9777772415023585 -0.11119134419809597 -0.17773055723611297 -32.599621
-0.3032434819001214 0.05954643652595797 -0.9510507939022769 54.961754 0.1608954624386739 0.9869157024112513 0.010490305083846296 -3.028619 0.9392316225786567 -0.14983864064775465 -0.3088565053825111 -32.431061
-0.6106174791967788 -0.04775418617201166 -0.7904845550688645 55.22578 0.08472790366039426 0.9885113162259104 -0.12516612974216854 -3.06964 0.7873801346495141 -0.14340472585088423 -0.5995561759859923 -32.326672
-0.8724246484960165 -0.13243781167565005 -0.47046302589594385 55.199669 -0.019735562875452084 0.9713477251610856 -0.23684193966097664 -3.074484 0.4883500181781419 -0.1973418933296974 -0.850041432450477 -32.156467
-0.9906260049562129 -0.04724522157548363 -0.12817178840437943 55.03484 -0.029912028686505034 0.99053869156056 -0.13393420422487934 -3.058172 0.13328686673619144 -0.12884482744672926 -0.982666587198258 -31.703022
-0.9908397144701336 -0.1274908775084022 0.0445279281000347 54.887058 -0.1309770551940077 0.9875649580333473 -0.08695093258441194 -3.114681 -0.032888770750062066 -0.09198657411128361 -0.9952169607386218 -30.658819
-0.9984604526523159 -0.05352397024622044 -0.014557097870620057 54.816502 -0.052701800639122276 0.9972571749799327 -0.051967751158178685 -3.097379 0.017298690665114292 -0.05112055907485638 -0.9985426599505637 -29.453016
-0.9179859298946015 -0.07889588389305473 0.3886865987145401 54.552795 -0.11281992805094009 0.9914737036925932 -0.06520397779793179 -3.106435 -0.3802282161414708 -0.10370792829300036 -0.9190599377946193 -28.759098
-0.694883904188873 -0.12674166339993087 0.7078650368946384 54.186214 -0.19193087820627025 0.9813261806622584 -0.012706893317963402 -3.11854 -0.6930360002844 -0.14469097382159976 -0.7062334064630178 -28.428627
-0.5501645638653104 0.00514595905214274 0.8350404012814748 53.292633 -0.10450090944068242 0.9916956821401212 -0.07496154981529016 -3.06238 -0.8284917094292273 -0.12850366971442337 -0.5450580650508378 -27.751957
-0.36134455129437826 0.026654776984806228 0.9320513065887279 52.456619 -0.15170698758717893 0.9845917041682819 -0.08697221395492995 -3.055746 -0.9200082092933128 -0.17282563162589287 -0.3517331316296819 -27.224195
-0.4099580541733159 0.02044580986025106 0.9118751902961212 51.683052 -0.12078985574199495 0.9897263352476435 -0.07649569966408254 -3.060767 -0.9040709068254861 -0.1415053008774863 -0.4032766361386628 -26.346117
-0.3437369730579017 -0.10841845773795694 0.9327863267515847 50.863598 -0.16156378785467107 0.9853290922472138 0.05498838445828802 -3.120769 -0.9250632604352212 -0.13180295138199485 -0.35621053634045313 -25.472395
-0.05142637513045023 0.05447428249896485 0.997189992171585 49.926426 -0.09979014514205012 0.9932336265323358 -0.05940446159972897 -3.021579 -0.9936786476892172 -0.10256469017965235 -0.0456424085131486 -24.993387
0.25238454854167647 -0.05729627573230393 0.9659291777581946 48.964775 -0.059215562594618326 0.9954598220184193 0.07452019789063777 -3.07524 -0.9658134171795383 -0.07600578618937359 0.24784584656943165 -25.040724
0.6532029125513859 -0.09231193333033225 0.7515347377195569 48.537483 0.008515165948410383 0.9933733488993768 0.11461623639479912 -3.113443 -0.7571350255953413 -0.06846821643108383 0.6496604161833232 -25.394247
0.9096807866933149 -0.1568220413714679 0.3845617163227739 48.230053 0.1155244463485813 0.9849717849197275 0.12839269920014923 -3.152702 -0.39891724532399675 -0.07237009224902123 0.9141266876811893 -25.920856
0.9875425807819603 -0.15689011165297898 -0.012047572702477118 48.198517 0.1573413252338909 0.9836852768215645 0.08721802301202046 -3.155662 -0.0018326254796438525 -0.08802709259085047 0.9961163950331575 -26.434448
0.9461803360552399 -0.12471745073716609 -0.29864415136415484 48.325649 0.16093111447644984 0.981905378693961 0.09981484701805203 -3.115339 0.2807916452741454 -0.1425039816057498 0.9491304795288933 -27.014378
0.9690825676432302 -0.09847698030374916 -0.22623275943209292 48.875374 0.12869368178681187 0.9840361407872718 0.12292603423460662 -3.114628 0.2105158268590726 -0.1482402036383783 0.9662856351344012 -27.921503
0.9876838633318062 -0.13781023123697816 0.07408728825087633 49.446896 0.11881818153056123 0.9687115877108033 0.2178992876826011 -3.129884 -0.10179796585260646 -0.2064126934111005 0.9731551644763781 -28.965136
0.9738190030767346 -0.2012459891606744 0.10571944519991 49.950768 0.18147895218121748 0.9683086636040769 0.17159173029168515 -3.143174 -0.1369012021928311 -0.1479134335888014 0.979479288705039 -30.02582
