1 2.40519e-06 0 1.00951e-07 -2.40519e-06 1 0 -6.94089e-07 0 0 1 0 
0.963822 -0.266548 0 0.0954945 0.266548 0.963822 0 -0.0352593 0 0 1 0 
0.85891 -0.512127 0 0.176299 0.512127 0.85891 0 0.00315923 0 0 1 0 
0.724046 -0.689752 0 0.245702 0.689752 0.724046 0 0.058981 0 0 1 0 
0.559836 -0.828604 0 0.292679 0.828604 0.559836 0 0.136537 0 0 1 0 
0.338005 -0.941144 0 0.362848 0.941144 0.338005 0 0.2149 0 0 1 0 
0.125846 -0.99205 0 0.428578 0.99205 0.125846 0 0.305857 0 0 1 0 
-0.0823962 -0.9966 0 0.414582 0.9966 -0.0823962 0 0.407934 0 0 1 0 
-0.300929 -0.953646 0 0.322832 0.953646 -0.300929 0 0.492591 0 0 1 0 
-0.456749 -0.889596 0 0.340208 0.889596 -0.456749 0 0.629106 0 0 1 0 
-0.573617 -0.819123 0 0.315388 0.819123 -0.573617 0 0.759061 0 0 1 0 
-0.789861 -0.613285 0 0.145897 0.613285 -0.789861 0 0.971962 0 0 1 0 
-0.853917 -0.52041 0 0.0167164 0.52041 -0.853917 0 1.05009 0 0 1 0 
-0.935489 -0.353356 0 -0.277007 0.353356 -0.935489 0 1.11647 0 0 1 0 
-0.939334 -0.343003 0 -0.583776 0.343003 -0.939334 0 1.22919 0 0 1 0 
-0.958274 -0.28585 0 -0.881299 0.28585 -0.958274 0 1.34274 0 0 1 0 
-0.965086 -0.261932 0 -1.19017 0.261932 -0.965086 0 1.42754 0 0 1 0 
-0.965517 -0.26034 0 -1.51606 0.26034 -0.965517 0 1.51714 0 0 1 0 
-0.924398 -0.38143 0 -1.80242 0.38143 -0.924398 0 1.66849 0 0 1 0 
-0.954669 -0.297668 0 -1.92974 0.297668 -0.954669 0 1.76382 0 0 1 0 
-0.997618 -0.0689865 0 -2.23348 0.0689865 -0.997618 0 1.83616 0 0 1 0 
-0.999228 -0.0392854 0 -2.55344 0.0392854 -0.999228 0 1.84768 0 0 1 0 
-0.998617 -0.0525773 0 -2.88438 0.0525773 -0.998617 0 1.83125 0 0 1 0 
-0.986358 -0.164615 0 -3.21706 0.164615 -0.986358 0 1.87214 0 0 1 0 
-0.879187 -0.476476 0 -3.52428 0.476476 -0.879187 0 1.9538 0 0 1 0 
-0.697142 -0.716933 0 -3.81723 0.716933 -0.697142 0 2.16772 0 0 1 0 
-0.524859 -0.851189 0 -4.00577 0.851189 -0.524859 0 2.41516 0 0 1 0 
-0.478745 -0.877954 0 -4.12836 0.877954 -0.478745 0 2.7145 0 0 1 0 
-0.45154 -0.892251 0 -4.28887 0.892251 -0.45154 0 2.98169 0 0 1 0 
-0.399371 -0.91679 0 -4.40082 0.91679 -0.399371 0 3.22471 0 0 1 0 
-0.100664 -0.99492 0 -4.47814 0.99492 -0.100664 0 3.44292 0 0 1 0 
0.735742 -0.677262 0 -4.40574 0.677262 0.735742 0 3.74063 0 0 1 0 
0.614708 0.788755 0 -4.23786 -0.788755 0.614708 0 3.7911 0 0 1 0 
-0.253641 0.967298 0 -4.23764 -0.967298 -0.253641 0 3.67144 0 0 1 0 
-0.280316 0.959908 0 -4.30242 -0.959908 -0.280316 0 3.49668 0 0 1 0 
-0.241544 0.97039 0 -4.39608 -0.97039 -0.241544 0 3.20356 0 0 1 0 
-0.282108 0.959383 0 -4.47807 -0.959383 -0.282108 0 2.89811 0 0 1 0 
-0.628152 0.778091 0 -4.62207 -0.778091 -0.628152 0 2.57821 0 0 1 0 
-0.921381 0.388662 0 -4.90061 -0.388662 -0.921381 0 2.34231 0 0 1 0 
-0.999972 0.00752717 0 -5.22309 -0.00752717 -0.999972 0 2.26574 0 0 1 0 
-0.966931 -0.255038 0 -5.56808 0.255038 -0.966931 0 2.35927 0 0 1 0 
-0.971155 -0.238448 0 -5.7415 0.238448 -0.971155 0 2.40079 0 0 1 0 
-0.99344 -0.114352 0 -5.97603 0.114352 -0.99344 0 2.40458 0 0 1 0 
-0.990378 0.138387 0 -6.14688 -0.138387 -0.990378 0 2.42408 0 0 1 0 
-0.951755 0.30686 0 -6.31819 -0.30686 -0.951755 0 2.39723 0 0 1 0 
-0.860289 0.509806 0 -6.48328 -0.509806 -0.860289 0 2.33659 0 0 1 0 
-0.711386 0.702802 0 -6.61826 -0.702802 -0.711386 0 2.24282 0 0 1 0 
-0.550419 0.834889 0 -6.72789 -0.834889 -0.550419 0 2.11921 0 0 1 0 
-0.478445 0.878118 0 -6.91075 -0.878118 -0.478445 0 1.82817 0 0 1 0 
-0.852913 0.522053 0 -7.09878 -0.522053 -0.852913 0 1.54662 0 0 1 0 
-0.999996 0.00267746 0 -7.39868 -0.00267746 -0.999996 0 1.48326 0 0 1 0 
-0.97877 -0.20496 0 -7.64159 0.20496 -0.97877 0 1.49257 0 0 1 0 
-0.98882 -0.149117 0 -7.75442 0.149117 -0.98882 0 1.50867 0 0 1 0 
-0.999368 0.0355504 0 -7.85422 -0.0355504 -0.999368 0 1.50881 0 0 1 0 
-0.938885 0.344231 0 -7.98842 -0.344231 -0.938885 0 1.54386 0 0 1 0 
-0.794258 0.60758 0 -8.08559 -0.60758 -0.794258 0 1.51913 0 0 1 0 
-0.581382 0.813631 0 -8.15195 -0.813631 -0.581382 0 1.43345 0 0 1 0 
-0.330366 0.943853 0 -8.21279 -0.943853 -0.330366 0 1.3479 0 0 1 0 
-0.0168932 0.999857 0 -8.24794 -0.999857 -0.0168932 0 1.24263 0 0 1 0 
0.263008 0.964794 0 -8.24502 -0.964794 0.263008 0 1.13582 0 0 1 0 
0.512614 0.858619 0 -8.20875 -0.858619 0.512614 0 1.03095 0 0 1 0 
0.743328 0.668927 0 -8.13618 -0.668927 0.743328 0 0.929095 0 0 1 0 
0.886098 0.463498 0 -7.9695 -0.463498 0.886098 0 0.765235 0 0 1 0 
0.869175 0.494505 0 -7.67353 -0.494505 0.869175 0 0.654615 0 0 1 0 
0.790462 0.61251 0 -7.37778 -0.61251 0.790462 0 0.42546 0 0 1 0 
0.762258 0.647274 0 -7.11496 -0.647274 0.762258 0 0.220306 0 0 1 0 
0.797879 0.602818 0 -6.8578 -0.602818 0.797879 0 -0.0314724 0 0 1 0 
0.789593 0.613631 0 -6.67186 -0.613631 0.789593 0 -0.212517 0 0 1 0 
0.672373 0.740212 0 -6.4858 -0.740212 0.672373 0 -0.338863 0 0 1 0 
0.22596 0.974137 0 -6.32619 -0.974137 0.22596 0 -0.580259 0 0 1 0 
-0.320483 0.947254 0 -6.34665 -0.947254 -0.320483 0 -0.821262 0 0 1 0 
-0.520902 0.853616 0 -6.47161 -0.853616 -0.520902 0 -1.0569 0 0 1 0 
-0.536784 0.84372 0 -6.61951 -0.84372 -0.536784 0 -1.29371 0 0 1 0 
-0.46052 0.887649 0 -6.6859 -0.887649 -0.46052 0 -1.4117 0 0 1 0 
-0.282849 0.959165 0 -6.75011 -0.959165 -0.282849 0 -1.54639 0 0 1 0 
-0.0665228 0.997785 0 -6.82394 -0.997785 -0.0665228 0 -1.68 0 0 1 0 
0.133143 0.991097 0 -6.80808 -0.991097 0.133143 0 -1.81386 0 0 1 0 
0.321839 0.946794 0 -6.77646 -0.946794 0.321839 0 -1.95366 0 0 1 0 
0.419838 0.907599 0 -6.67949 -0.907599 0.419838 0 -2.21134 0 0 1 0 
0.126061 0.992023 0 -6.58736 -0.992023 0.126061 0 -2.47143 0 0 1 0 
-0.26232 0.964981 0 -6.58757 -0.964981 -0.26232 0 -2.72336 0 0 1 0 
-0.505453 0.862854 0 -6.67333 -0.862854 -0.505453 0 -2.98748 0 0 1 0 
-0.958833 0.283971 0 -6.85247 -0.283971 -0.958833 0 -3.17159 0 0 1 0 
-0.976611 -0.215015 0 -7.16244 0.215015 -0.976611 0 -3.20578 0 0 1 0 
-0.955235 -0.295848 0 -7.4189 0.295848 -0.955235 0 -3.14388 0 0 1 0 
-0.943118 -0.332458 0 -7.57475 0.332458 -0.943118 0 -3.09133 0 0 1 0 
-0.973936 -0.226822 0 -7.64204 0.226822 -0.973936 0 -3.06697 0 0 1 0 
-0.999383 -0.0351219 0 -7.69741 0.0351219 -0.999383 0 -3.00224 0 0 1 0 
-0.982155 0.188074 0 -7.7531 -0.188074 -0.982155 0 -3.05102 0 0 1 0 
-0.927152 0.374686 0 -7.79099 -0.374686 -0.927152 0 -3.06302 0 0 1 0 
-0.831014 0.556252 0 -7.86562 -0.556252 -0.831014 0 -3.07001 0 0 1 0 
-0.727813 0.685776 0 -7.86353 -0.685776 -0.727813 0 -3.0905 0 0 1 0 
-0.603743 0.797179 0 -7.8379 -0.797179 -0.603743 0 -3.11561 0 0 1 0 
-0.433356 0.901223 0 -7.62135 -0.901223 -0.433356 0 -3.21319 0 0 1 0 
-0.205914 0.97857 0 -7.80285 -0.97857 -0.205914 0 -3.20559 0 0 1 0 
0.0785837 0.996908 0 -7.85248 -0.996908 0.0785837 0 -3.20059 0 0 1 0 
0.338621 0.940923 0 -7.91299 -0.940923 0.338621 0 -3.22509 0 0 1 0 
0.524444 0.851445 0 -7.9067 -0.851445 0.524444 0 -3.22232 0 0 1 0 
0.681719 0.731614 0 -7.91063 -0.731614 0.681719 0 -3.22593 0 0 1 0 
0.819368 0.573267 0 -7.89918 -0.573267 0.819368 0 -3.20942 0 0 1 0 
0.917155 0.39853 0 -7.90308 -0.39853 0.917155 0 -3.22331 0 0 1 0 
0.984345 0.17625 0 -7.8992 -0.17625 0.984345 0 -3.15312 0 0 1 0 
0.991291 -0.131693 0 -7.90247 0.131693 0.991291 0 -3.12382 0 0 1 0 
0.913125 -0.407679 0 -7.88232 0.407679 0.913125 0 -3.11213 0 0 1 0 
0.822598 -0.568623 0 -7.90468 0.568623 0.822598 0 -3.13249 0 0 1 0 
0.562088 -0.827077 0 -7.75019 0.827077 0.562088 0 -3.01422 0 0 1 0 
0.683082 -0.730341 0 -7.6296 0.730341 0.683082 0 -2.78878 0 0 1 0 
0.759792 -0.650167 0 -7.38814 0.650167 0.759792 0 -2.57388 0 0 1 0 
0.736108 -0.676864 0 -7.30385 0.676864 0.736108 0 -2.50213 0 0 1 0 
0.551409 -0.834235 0 -7.11905 0.834235 0.551409 0 -2.31828 0 0 1 0 
0.483078 -0.875577 0 -6.96979 0.875577 0.483078 0 -2.11878 0 0 1 0 
0.413643 -0.910439 0 -6.82796 0.910439 0.413643 0 -1.83882 0 0 1 0 
0.491609 -0.870816 0 -6.69289 0.870816 0.491609 0 -1.51406 0 0 1 0 
0.75337 -0.657596 0 -6.46395 0.657596 0.75337 0 -1.26022 0 0 1 0 
0.857484 -0.51451 0 -6.21376 0.51451 0.857484 0 -1.04392 0 0 1 0 
0.737156 -0.675723 0 -5.88679 0.675723 0.737156 0 -0.906744 0 0 1 0 
0.598305 -0.801268 0 -5.76706 0.801268 0.598305 0 -0.789909 0 0 1 0 
0.465479 -0.885059 0 -5.66576 0.885059 0.465479 0 -0.64176 0 0 1 0 
0.341205 -0.939989 0 -5.59141 0.939989 0.341205 0 -0.479571 0 0 1 0 
0.146471 -0.989215 0 -5.49741 0.989215 0.146471 0 -0.113758 0 0 1 0 
0.105584 -0.99441 0 -5.4717 0.99441 0.105584 0 0.259358 0 0 1 0 
0.147802 -0.989017 0 -5.41596 0.989017 0.147802 0 0.648392 0 0 1 0 
0.427964 -0.903796 0 -5.33222 0.903796 0.427964 0 1.04782 0 0 1 0 
0.708145 -0.706067 0 -5.13536 0.706067 0.708145 0 1.38962 0 0 1 0 
0.945778 -0.324814 0 -4.80259 0.324814 0.945778 0 1.62677 0 0 1 0 
0.974698 0.223524 0 -4.41839 -0.223524 0.974698 0 1.65855 0 0 1 0 
0.898973 0.438004 0 -4.0936 -0.438004 0.898973 0 1.53173 0 0 1 0 
0.944208 0.32935 0 -3.92948 -0.32935 0.944208 0 1.46711 0 0 1 0 
0.991854 0.127378 0 -3.75441 -0.127378 0.991854 0 1.40306 0 0 1 0 
0.998119 -0.06131 0 -3.56353 0.06131 0.998119 0 1.41055 0 0 1 0 
0.957196 -0.289441 0 -3.19547 0.289441 0.957196 0 1.41926 0 0 1 0 
0.935136 -0.354288 0 -2.82428 0.354288 0.935136 0 1.54637 0 0 1 0 
0.952389 -0.304884 0 -2.44598 0.304884 0.952389 0 1.672 0 0 1 0 
0.998805 -0.0488819 0 -2.04495 0.0488819 0.998805 0 1.78492 0 0 1 0 
0.951675 0.307106 0 -1.63864 -0.307106 0.951675 0 1.70827 0 0 1 0 
0.886788 0.462177 0 -1.25133 -0.462177 0.886788 0 1.54691 0 0 1 0 
0.847428 0.53091 0 -0.880995 -0.53091 0.847428 0 1.29864 0 0 1 0 
0.857243 0.514912 0 -0.516561 -0.514912 0.857243 0 1.06404 0 0 1 0 
0.904249 0.427006 0 -0.141408 -0.427006 0.904249 0 0.857698 0 0 1 0 
0.916135 0.400871 0 0.283083 -0.400871 0.916135 0 0.680436 0 0 1 0 
0.923367 0.383918 0 0.665072 -0.383918 0.923367 0 0.522204 0 0 1 0 
0.933792 0.357816 0 1.06595 -0.357816 0.933792 0 0.366744 0 0 1 0 
0.938678 0.344794 0 1.4514 -0.344794 0.938678 0 0.174448 0 0 1 0 
0.924703 0.380688 0 1.82611 -0.380688 0.924703 0 0.0118467 0 0 1 0 
0.899783 0.436337 0 2.19177 -0.436337 0.899783 0 -0.156941 0 0 1 0 
0.812262 0.583293 0 2.52931 -0.583293 0.812262 0 -0.332209 0 0 1 0 
0.65224 0.758013 0 2.82859 -0.758013 0.65224 0 -0.575698 0 0 1 0 
0.435897 0.899997 0 3.09769 -0.899997 0.435897 0 -0.891839 0 0 1 0 
0.119681 0.992812 0 3.19825 -0.992812 0.119681 0 -1.24007 0 0 1 0 
-0.311432 0.950268 0 3.19802 -0.950268 -0.311432 0 -1.59983 0 0 1 0 
-0.543981 0.839098 0 3.0349 -0.839098 -0.543981 0 -1.938 0 0 1 0 
-0.651157 0.758943 0 2.79356 -0.758943 -0.651157 0 -2.25408 0 0 1 0 
-0.653568 0.756867 0 2.54895 -0.756867 -0.653568 0 -2.53867 0 0 1 0 
-0.5379 0.843009 0 2.28738 -0.843009 -0.5379 0 -2.85464 0 0 1 0 
-0.431134 0.902288 0 2.18087 -0.902288 -0.431134 0 -2.99135 0 0 1 0 
0.40917 0.912458 0 1.83203 -0.912458 0.40917 0 -3.77151 0 0 1 0 
0.510353 0.859965 0 1.89781 -0.859965 0.510353 0 -3.91205 0 0 1 0 
0.619775 0.784779 0 1.98494 -0.784779 0.619775 0 -4.04867 0 0 1 0 
0.72893 0.684588 0 2.08211 -0.684588 0.72893 0 -4.15959 0 0 1 0 
0.837702 0.546127 0 2.18286 -0.546127 0.837702 0 -4.29709 0 0 1 0 
0.922912 0.385011 0 2.3113 -0.385011 0.922912 0 -4.36371 0 0 1 0 
0.98381 0.179214 0 2.4404 -0.179214 0.98381 0 -4.40271 0 0 1 0 
0.999306 -0.0372517 0 2.55979 0.0372517 0.999306 0 -4.42498 0 0 1 0 
0.985246 -0.171142 0 2.68345 0.171142 0.985246 0 -4.42792 0 0 1 0 
0.939673 -0.342074 0 2.84404 0.342074 0.939673 0 -4.41507 0 0 1 0 
0.857593 -0.514329 0 2.93787 0.514329 0.857593 0 -4.37966 0 0 1 0 
0.742145 -0.670239 0 3.01594 0.670239 0.742145 0 -4.3304 0 0 1 0 
0.622503 -0.782617 0 3.06212 0.782617 0.622503 0 -4.28348 0 0 1 0 
0.473813 -0.880626 0 3.11093 0.880626 0.473813 0 -4.21657 0 0 1 0 
0.258053 -0.966131 0 3.13543 0.966131 0.258053 0 -4.15961 0 0 1 0 
0.0305152 -0.999534 0 3.19209 0.999534 0.0305152 0 -4.12246 0 0 1 0 
-0.194722 -0.980859 0 3.1963 0.980859 -0.194722 0 -4.04253 0 0 1 0 
-0.450036 -0.89301 0 3.2006 0.89301 -0.450036 0 -4.02434 0 0 1 0 
-0.647945 -0.761687 0 3.74264 0.761687 -0.647945 0 -3.64593 0 0 1 0 
-0.815864 -0.578244 0 3.56724 0.578244 -0.815864 0 -3.91468 0 0 1 0 
-0.922318 -0.386433 0 3.5431 0.386433 -0.922318 0 -3.96471 0 0 1 0 
-0.984264 -0.176704 0 3.52653 0.176704 -0.984264 0 -4.02805 0 0 1 0 
-0.993875 0.11051 0 3.51776 -0.11051 -0.993875 0 -3.97675 0 0 1 0 
-0.925809 0.377992 0 3.49445 -0.377992 -0.925809 0 -3.98895 0 0 1 0 
-0.81766 0.575701 0 3.45196 -0.575701 -0.81766 0 -4.01396 0 0 1 0 
-0.769281 0.638911 0 3.2809 -0.638911 -0.769281 0 -4.14887 0 0 1 0 
-0.932531 0.36109 0 3.11953 -0.36109 -0.932531 0 -4.26544 0 0 1 0 
-0.988457 -0.151502 0 2.88076 0.151502 -0.988457 0 -4.32465 0 0 1 0 
-0.878394 -0.477937 0 2.63289 0.477937 -0.878394 0 -4.25257 0 0 1 0 
-0.650832 -0.759222 0 2.41048 0.759222 -0.650832 0 -4.07619 0 0 1 0 
-0.491111 -0.871097 0 2.22715 0.871097 -0.491111 0 -3.80956 0 0 1 0 
-0.119563 -0.992827 0 2.09688 0.992827 -0.119563 0 -3.51473 0 0 1 0 
0.246412 -0.969165 0 2.113 0.969165 0.246412 0 -3.20366 0 0 1 0 
0.529443 -0.848345 0 2.23544 0.848345 0.529443 0 -2.90646 0 0 1 0 
0.633452 -0.773782 0 2.42964 0.773782 0.633452 0 -2.62962 0 0 1 0 
0.643484 -0.76546 0 2.66501 0.76546 0.643484 0 -2.33624 0 0 1 0 
0.692768 -0.72116 0 2.91626 0.72116 0.692768 0 -2.04279 0 0 1 0 
0.779013 -0.627008 0 3.181 0.627008 0.779013 0 -1.7894 0 0 1 0 
0.798458 -0.602051 0 3.46963 0.602051 0.798458 0 -1.56164 0 0 1 0 
0.865329 -0.501203 0 3.77986 0.501203 0.865329 0 -1.35145 0 0 1 0 
0.948925 -0.315502 0 4.14636 0.315502 0.948925 0 -1.19244 0 0 1 0 
0.998153 -0.0607534 0 4.49904 0.0607534 0.998153 0 -1.09816 0 0 1 0 
0.978675 0.205417 0 4.84827 -0.205417 0.978675 0 -1.10395 0 0 1 0 
0.776334 0.630322 0 5.14899 -0.630322 0.776334 0 -1.26214 0 0 1 0 
0.587774 0.809025 0 5.32394 -0.809025 0.587774 0 -1.49575 0 0 1 0 
0.548904 0.835885 0 5.57377 -0.835885 0.548904 0 -1.80194 0 0 1 0 
0.474055 0.880495 0 5.79024 -0.880495 0.474055 0 -2.09214 0 0 1 0 
0.408426 0.912791 0 5.95328 -0.912791 0.408426 0 -2.45852 0 0 1 0 
0.401349 0.915925 0 6.11328 -0.915925 0.401349 0 -2.78976 0 0 1 0 
0.245 0.969523 0 6.25512 -0.969523 0.245 0 -3.17337 0 0 1 0 
-0.0136619 0.999907 0 6.35781 -0.999907 -0.0136619 0 -3.58714 0 0 1 0 
-0.239113 0.970992 0 6.27425 -0.970992 -0.239113 0 -3.99113 0 0 1 0 
-0.465574 0.885009 0 6.1273 -0.885009 -0.465574 0 -4.38393 0 0 1 0 
-0.652202 0.758045 0 5.92638 -0.758045 -0.652202 0 -4.75924 0 0 1 0 
-0.697261 0.716817 0 5.65105 -0.716817 -0.697261 0 -5.05243 0 0 1 0 
-0.739591 0.673057 0 5.32675 -0.673057 -0.739591 0 -5.367 0 0 1 0 
-0.738872 0.673846 0 4.94102 -0.673846 -0.738872 0 -5.69965 0 0 1 0 
-0.742199 0.67018 0 4.74388 -0.67018 -0.742199 0 -5.82488 0 0 1 0 
-0.727852 0.685735 0 4.40434 -0.685735 -0.727852 0 -6.12563 0 0 1 0 
-0.714891 0.699236 0 4.0152 -0.699236 -0.714891 0 -6.47787 0 0 1 0 
-0.727736 0.685857 0 3.86991 -0.685857 -0.727736 0 -6.66145 0 0 1 0 
-0.719276 0.694724 0 3.5027 -0.694724 -0.719276 0 -6.99894 0 0 1 0 
-0.711216 0.702973 0 3.153 -0.702973 -0.711216 0 -7.3388 0 0 1 0 
-0.713923 0.700224 0 2.81016 -0.700224 -0.713923 0 -7.67781 0 0 1 0 
-0.688961 0.724798 0 2.45603 -0.724798 -0.688961 0 -8.02958 0 0 1 0 
-0.690757 0.723087 0 2.04999 -0.723087 -0.690757 0 -8.39739 0 0 1 0 
-0.696589 0.71747 0 1.69659 -0.71747 -0.696589 0 -8.76506 0 0 1 0 
-0.68408 0.729407 0 1.3517 -0.729407 -0.68408 0 -9.1222 0 0 1 0 
-0.683213 0.730219 0 1.00279 -0.730219 -0.683213 0 -9.49524 0 0 1 0 
-0.675215 0.737621 0 0.659611 -0.737621 -0.675215 0 -9.86317 0 0 1 0 
-0.621695 0.783259 0 0.283448 -0.783259 -0.621695 0 -10.2217 0 0 1 0 
-0.614852 0.788642 0 -0.0190878 -0.788642 -0.614852 0 -10.604 0 0 1 0 
-0.600805 0.799396 0 -0.336874 -0.799396 -0.600805 0 -11.011 0 0 1 0 
-0.604992 0.796232 0 -0.628976 -0.796232 -0.604992 0 -11.3995 0 0 1 0 
-0.608383 0.793643 0 -0.92182 -0.793643 -0.608383 0 -11.784 0 0 1 0 
-0.60154 0.798842 0 -1.25559 -0.798842 -0.60154 0 -12.1467 0 0 1 0 
-0.636484 0.77129 0 -1.53993 -0.77129 -0.636484 0 -12.5031 0 0 1 0 
-0.798222 0.602363 0 -1.86545 -0.602363 -0.798222 0 -12.8134 0 0 1 0 
-0.888603 0.458677 0 -2.24698 -0.458677 -0.888603 0 -13.0671 0 0 1 0 
-0.769488 0.638661 0 -2.58771 -0.638661 -0.769488 0 -13.2711 0 0 1 0 
-0.602608 0.798037 0 -2.90634 -0.798037 -0.602608 0 -13.5249 0 0 1 0 
-0.495871 0.868396 0 -3.01462 -0.868396 -0.495871 0 -13.6895 0 0 1 0 
-0.387535 0.921855 0 -3.10264 -0.921855 -0.387535 0 -13.8767 0 0 1 0 
-0.24613 0.969237 0 -3.25963 -0.969237 -0.24613 0 -14.2815 0 0 1 0 
-0.43832 0.898819 0 -3.36605 -0.898819 -0.43832 0 -14.5935 0 0 1 0 
-0.702581 0.711603 0 -3.57089 -0.711603 -0.702581 0 -14.915 0 0 1 0 
-0.856465 0.516206 0 -3.86391 -0.516206 -0.856465 0 -15.2028 0 0 1 0 
-0.814117 0.580701 0 -4.05759 -0.580701 -0.814117 0 -15.2426 0 0 1 0 
-0.73967 0.67297 0 -4.20061 -0.67297 -0.73967 0 -15.3384 0 0 1 0 
-0.592109 0.805858 0 -4.33792 -0.805858 -0.592109 0 -15.5033 0 0 1 0 
-0.351927 0.936028 0 -4.42915 -0.936028 -0.351927 0 -15.632 0 0 1 0 
-0.111947 0.993714 0 -4.47121 -0.993714 -0.111947 0 -15.7822 0 0 1 0 
0.165978 0.986129 0 -4.47818 -0.986129 0.165978 0 -15.9225 0 0 1 0 
0.496122 0.868253 0 -4.43584 -0.868253 0.496122 0 -16.0464 0 0 1 0 
0.76597 0.642877 0 -4.38922 -0.642877 0.76597 0 -16.1603 0 0 1 0 
0.945369 0.326002 0 -4.28594 -0.326002 0.945369 0 -16.2345 0 0 1 0 
0.998441 -0.0558136 0 -4.1724 0.0558136 0.998441 0 -16.2904 0 0 1 0 
0.934304 -0.356476 0 -4.04935 0.356476 0.934304 0 -16.2558 0 0 1 0 
0.74487 -0.66721 0 -3.83573 0.66721 0.74487 0 -16.1388 0 0 1 0 
0.559627 -0.828745 0 -3.59448 0.828745 0.559627 0 -15.8927 0 0 1 0 
0.510451 -0.859907 0 -3.37777 0.859907 0.510451 0 -15.6088 0 0 1 0 
0.522054 -0.852912 0 -3.17094 0.852912 0.522054 0 -15.2612 0 0 1 0 
0.526996 -0.849868 0 -2.93053 0.849868 0.526996 0 -14.8675 0 0 1 0 
0.541413 -0.840757 0 -2.67651 0.840757 0.541413 0 -14.4583 0 0 1 0 
0.551063 -0.834464 0 -2.40388 0.834464 0.551063 0 -14.0349 0 0 1 0 
0.560309 -0.828283 0 -2.12085 0.828283 0.560309 0 -13.6063 0 0 1 0 
0.571153 -0.820844 0 -1.84278 0.820844 0.571153 0 -13.1952 0 0 1 0 
0.587119 -0.8095 0 -1.55244 0.8095 0.587119 0 -12.82 0 0 1 0 
0.604416 -0.796669 0 -1.19104 0.796669 0.604416 0 -12.3545 0 0 1 0 
0.605687 -0.795703 0 -0.878245 0.795703 0.605687 0 -11.9421 0 0 1 0 
0.611168 -0.791501 0 -0.57253 0.791501 0.611168 0 -11.5384 0 0 1 0 
0.530274 -0.847827 0 -0.228688 0.847827 0.530274 0 -11.1273 0 0 1 0 
0.511075 -0.859536 0 0.0361276 0.859536 0.511075 0 -10.7013 0 0 1 0 
0.491267 -0.871009 0 0.28262 0.871009 0.491267 0 -10.2811 0 0 1 0 
0.527686 -0.84944 0 0.531753 0.84944 0.527686 0 -9.85525 0 0 1 0 
0.712967 -0.701197 0 0.82925 0.701197 0.712967 0 -9.48448 0 0 1 0 
0.891985 -0.452064 0 1.21934 0.452064 0.891985 0 -9.18331 0 0 1 0 
0.994803 -0.101814 0 1.61271 0.101814 0.994803 0 -9.01479 0 0 1 0 
0.978665 0.205463 0 2.12848 -0.205463 0.978665 0 -9.06414 0 0 1 0 
0.953954 0.299953 0 2.55427 -0.299953 0.953954 0 -9.18062 0 0 1 0 
0.927065 0.3749 0 2.96631 -0.3749 0.927065 0 -9.34358 0 0 1 0 
0.874087 0.485769 0 3.36982 -0.485769 0.874087 0 -9.52708 0 0 1 0 
0.83749 0.546453 0 3.75981 -0.546453 0.83749 0 -9.79927 0 0 1 0 
0.754466 0.656339 0 4.13829 -0.656339 0.754466 0 -10.0745 0 0 1 0 
0.70391 0.710289 0 4.4369 -0.710289 0.70391 0 -10.3845 0 0 1 0 
0.663297 0.748356 0 4.76689 -0.748356 0.663297 0 -10.7418 0 0 1 0 
0.659737 0.751496 0 5.06648 -0.751496 0.659737 0 -11.0816 0 0 1 0 
0.641714 0.766944 0 5.36052 -0.766944 0.641714 0 -11.4204 0 0 1 0 
0.626343 0.779547 0 5.64072 -0.779547 0.626343 0 -11.8203 0 0 1 0 
0.61097 0.791654 0 5.91591 -0.791654 0.61097 0 -12.1697 0 0 1 0 
0.613984 0.789318 0 6.18774 -0.789318 0.613984 0 -12.5232 0 0 1 0 
0.629159 0.777276 0 6.45785 -0.777276 0.629159 0 -12.8696 0 0 1 0 
0.626708 0.779255 0 6.72472 -0.779255 0.626708 0 -13.2007 0 0 1 0 
0.630285 0.776364 0 6.99321 -0.776364 0.630285 0 -13.5369 0 0 1 0 
0.601855 0.798606 0 7.48465 -0.798606 0.601855 0 -14.2166 0 0 1 0 
0.535214 0.844716 0 7.72494 -0.844716 0.535214 0 -14.5528 0 0 1 0 
0.484239 0.874936 0 7.93096 -0.874936 0.484239 0 -14.8967 0 0 1 0 
0.415574 0.909559 0 8.10078 -0.909559 0.415574 0 -15.2365 0 0 1 0 
0.219541 0.975603 0 8.26381 -0.975603 0.219541 0 -15.5999 0 0 1 0 
0.208936 0.977929 0 8.33268 -0.977929 0.208936 0 -15.9905 0 0 1 0 
0.232308 0.972642 0 8.40343 -0.972642 0.232308 0 -16.3128 0 0 1 0 
0.343549 0.939135 0 8.49659 -0.939135 0.343549 0 -16.6253 0 0 1 0 
0.49864 0.866809 0 8.57906 -0.866809 0.49864 0 -16.9635 0 0 1 0 
0.584474 0.811412 0 8.80023 -0.811412 0.584474 0 -17.2021 0 0 1 0 
0.712253 0.701923 0 8.9998 -0.701923 0.712253 0 -17.4539 0 0 1 0 
0.841544 0.540189 0 9.25557 -0.540189 0.841544 0 -17.6733 0 0 1 0 
0.906367 0.422492 0 9.40846 -0.422492 0.906367 0 -17.7598 0 0 1 0 
0.949556 0.313599 0 9.57686 -0.313599 0.949556 0 -17.8804 0 0 1 0 
0.982668 0.185372 0 9.91049 -0.185372 0.982668 0 -17.9847 0 0 1 0 
0.999196 -0.0400953 0 10.3042 0.0400953 0.999196 0 -18.0338 0 0 1 0 
0.972526 -0.232794 0 10.7068 0.232794 0.972526 0 -17.9934 0 0 1 0 
0.964116 -0.26548 0 11.0964 0.26548 0.964116 0 -17.8968 0 0 1 0 
0.93952 -0.342494 0 11.4882 0.342494 0.93952 0 -17.8207 0 0 1 0 
0.889202 -0.457516 0 11.8853 0.457516 0.889202 0 -17.6689 0 0 1 0 
0.8218 -0.569776 0 12.2485 0.569776 0.8218 0 -17.4735 0 0 1 0 
0.770973 -0.636868 0 12.5854 0.636868 0.770973 0 -17.2211 0 0 1 0 
0.738039 -0.674758 0 12.9085 0.674758 0.738039 0 -16.9471 0 0 1 0 
0.733206 -0.680007 0 13.2577 0.680007 0.733206 0 -16.6883 0 0 1 0 
0.731024 -0.682352 0 13.4286 0.682352 0.731024 0 -16.5208 0 0 1 0 
0.711411 -0.702776 0 13.7827 0.702776 0.711411 0 -16.2417 0 0 1 0 
0.709102 -0.705106 0 14.0317 0.705106 0.709102 0 -15.9823 0 0 1 0 
0.694947 -0.719061 0 14.3398 0.719061 0.694947 0 -15.6743 0 0 1 0 
0.636529 -0.771252 0 14.6673 0.771252 0.636529 0 -15.3646 0 0 1 0 
0.634745 -0.772722 0 14.9452 0.772722 0.634745 0 -15.0281 0 0 1 0 
0.625016 -0.780612 0 15.2723 0.780612 0.625016 0 -14.6779 0 0 1 0 
0.624897 -0.780707 0 15.5358 0.780707 0.624897 0 -14.3482 0 0 1 0 
0.636643 -0.771159 0 15.8053 0.771159 0.636643 0 -14.0139 0 0 1 0 
0.690843 -0.723005 0 16.0876 0.723005 0.690843 0 -13.7085 0 0 1 0 
0.708567 -0.705643 0 16.3872 0.705643 0.708567 0 -13.4266 0 0 1 0 
0.783836 -0.620968 0 16.7198 0.620968 0.783836 0 -13.1318 0 0 1 0 
0.792589 -0.609757 0 17.1354 0.609757 0.792589 0 -12.8495 0 0 1 0 
0.806928 -0.59065 0 17.4367 0.59065 0.806928 0 -12.5926 0 0 1 0 
0.837341 -0.54668 0 17.8407 0.54668 0.837341 0 -12.3204 0 0 1 0 
0.830913 -0.556402 0 18.2308 0.556402 0.830913 0 -12.0744 0 0 1 0 
0.802021 -0.597296 0 18.6761 0.597296 0.802021 0 -11.7837 0 0 1 0 
0.796955 -0.604039 0 18.9791 0.604039 0.796955 0 -11.5539 0 0 1 0 
0.760162 -0.649733 0 19.3966 0.649733 0.760162 0 -11.2657 0 0 1 0 
0.737073 -0.675814 0 19.7633 0.675814 0.737073 0 -10.9517 0 0 1 0 
0.736543 -0.676391 0 20.1106 0.676391 0.736543 0 -10.6332 0 0 1 0 
0.736399 -0.676547 0 20.4665 0.676547 0.736399 0 -10.3467 0 0 1 0 
0.726379 -0.687294 0 20.8341 0.687294 0.726379 0 -10.0032 0 0 1 0 
0.75183 -0.659357 0 21.1812 0.659357 0.75183 0 -9.67867 0 0 1 0 
0.79561 -0.605809 0 21.6075 0.605809 0.79561 0 -9.36627 0 0 1 0 
0.798296 -0.602265 0 21.7902 0.602265 0.798296 0 -9.22445 0 0 1 0 
0.798823 -0.601567 0 22.1501 0.601567 0.798823 0 -8.95455 0 0 1 0 
0.807152 -0.590344 0 22.5703 0.590344 0.807152 0 -8.64124 0 0 1 0 
0.804745 -0.593621 0 22.7343 0.593621 0.804745 0 -8.56467 0 0 1 0 
0.802507 -0.596643 0 23.1417 0.596643 0.802507 0 -8.26404 0 0 1 0 
0.80641 -0.591356 0 23.6053 0.591356 0.80641 0 -7.91839 0 0 1 0 
0.762697 -0.646756 0 23.9875 0.646756 0.762697 0 -7.66489 0 0 1 0 
0.759447 -0.650569 0 24.3728 0.650569 0.759447 0 -7.33526 0 0 1 0 
0.743464 -0.668776 0 24.8151 0.668776 0.743464 0 -6.95186 0 0 1 0 
0.736773 -0.67614 0 25.1871 0.67614 0.736773 0 -6.61752 0 0 1 0 
0.741366 -0.671101 0 25.5614 0.671101 0.741366 0 -6.27561 0 0 1 0 
0.76527 -0.64371 0 25.9344 0.64371 0.76527 0 -5.94112 0 0 1 0 
0.782983 -0.622043 0 26.3181 0.622043 0.782983 0 -5.62097 0 0 1 0 
0.822216 -0.569175 0 26.7668 0.569175 0.822216 0 -5.31482 0 0 1 0 
0.831068 -0.556171 0 27.1852 0.556171 0.831068 0 -5.02687 0 0 1 0 
0.862404 -0.50622 0 27.6019 0.50622 0.862404 0 -4.75823 0 0 1 0 
0.863777 -0.503874 0 28.0828 0.503874 0.863777 0 -4.51211 0 0 1 0 
0.864591 -0.502476 0 28.5195 0.502476 0.864591 0 -4.25674 0 0 1 0 
0.869917 -0.493198 0 28.9382 0.493198 0.869917 0 -4.01316 0 0 1 0 
0.847775 -0.530355 0 29.3583 0.530355 0.847775 0 -3.76448 0 0 1 0 
0.762969 -0.646435 0 29.7248 0.646435 0.762969 0 -3.51472 0 0 1 0 
0.596178 -0.802852 0 30.0858 0.802852 0.596178 0 -3.19397 0 0 1 0 
0.45162 -0.89221 0 30.2253 0.89221 0.45162 0 -3.01268 0 0 1 0 
0.254827 -0.966987 0 30.3656 0.966987 0.254827 0 -2.81371 0 0 1 0 
0.0602964 -0.998181 0 30.4174 0.998181 0.0602964 0 -2.57876 0 0 1 0 
-0.12302 -0.992404 0 30.424 0.992404 -0.12302 0 -2.35835 0 0 1 0 
-0.285343 -0.958425 0 30.4378 0.958425 -0.285343 0 -2.16033 0 0 1 0 
-0.419664 -0.907679 0 30.362 0.907679 -0.419664 0 -1.94736 0 0 1 0 
-0.546263 -0.837613 0 30.2551 0.837613 -0.546263 0 -1.7538 0 0 1 0 
-0.654261 -0.756269 0 30.0384 0.756269 -0.654261 0 -1.34615 0 0 1 0 
-0.807416 -0.589982 0 29.6818 0.589982 -0.807416 0 -1.01174 0 0 1 0 
-0.920545 -0.390636 0 29.2762 0.390636 -0.920545 0 -0.775667 0 0 1 0 
-0.980388 -0.197076 0 28.8346 0.197076 -0.980388 0 -0.615987 0 0 1 0 
-0.999232 0.0391912 0 28.3381 -0.0391912 -0.999232 0 -0.515425 0 0 1 0 
-0.987636 0.156767 0 28.1465 -0.156767 -0.987636 0 -0.561083 0 0 1 0 
-0.9325 0.36117 0 27.6779 -0.36117 -0.9325 0 -0.64356 0 0 1 0 
-0.89967 0.436572 0 27.1805 -0.436572 -0.89967 0 -0.81085 0 0 1 0 
-0.900437 0.434986 0 26.7409 -0.434986 -0.900437 0 -0.974976 0 0 1 0 
-0.960543 0.27813 0 26.2613 -0.27813 -0.960543 0 -1.1831 0 0 1 0 
-0.998634 0.052247 0 25.7267 -0.052247 -0.998634 0 -1.25202 0 0 1 0 
-0.973636 -0.228109 0 25.2469 0.228109 -0.973636 0 -1.23771 0 0 1 0 
-0.850674 -0.525693 0 24.7718 0.525693 -0.850674 0 -1.07029 0 0 1 0 
-0.718396 -0.695634 0 24.4059 0.695634 -0.718396 0 -0.734339 0 0 1 0 
-0.651932 -0.758278 0 24.0869 0.758278 -0.651932 0 -0.357163 0 0 1 0 
-0.625201 -0.780464 0 23.8942 0.780464 -0.625201 0 -0.149974 0 0 1 0 
-0.579683 -0.814842 0 23.6123 0.814842 -0.579683 0 0.265341 0 0 1 0 
-0.555057 -0.831812 0 23.2817 0.831812 -0.555057 0 0.745614 0 0 1 0 
-0.514398 -0.857552 0 23.0472 0.857552 -0.514398 0 1.17991 0 0 1 0 
-0.49993 -0.866066 0 22.7565 0.866066 -0.49993 0 1.65461 0 0 1 0 
-0.555866 -0.831272 0 22.5725 0.831272 -0.555866 0 2.11944 0 0 1 0 
-0.485044 -0.87449 0 22.2458 0.87449 -0.485044 0 2.59981 0 0 1 0 
-0.589924 -0.807459 0 22.0175 0.807459 -0.589924 0 3.04053 0 0 1 0 
-0.675119 -0.737709 0 21.6402 0.737709 -0.675119 0 3.45661 0 0 1 0 
-0.704344 -0.709859 0 21.2896 0.709859 -0.704344 0 3.87526 0 0 1 0 
-0.769622 -0.6385 0 20.9135 0.6385 -0.769622 0 4.24489 0 0 1 0 
-0.69349 -0.720466 0 20.5204 0.720466 -0.69349 0 4.59483 0 0 1 0 
-0.653815 -0.756655 0 20.1695 0.756655 -0.653815 0 5.01882 0 0 1 0 
-0.60136 -0.798978 0 19.8344 0.798978 -0.60136 0 5.42166 0 0 1 0 
-0.564587 -0.825374 0 19.5276 0.825374 -0.564587 0 5.83893 0 0 1 0 
-0.480623 -0.876927 0 19.3052 0.876927 -0.480623 0 6.307 0 0 1 0 
-0.280791 -0.959769 0 19.0831 0.959769 -0.280791 0 6.77235 0 0 1 0 
-0.153766 -0.988107 0 18.9659 0.988107 -0.153766 0 7.31546 0 0 1 0 
0.0112286 -0.999937 0 18.9481 0.999937 0.0112286 0 7.77992 0 0 1 0 
0.282228 -0.959347 0 18.9734 0.959347 0.282228 0 8.30891 0 0 1 0 
0.459218 -0.888323 0 19.1203 0.888323 0.459218 0 8.74411 0 0 1 0 
0.609554 -0.792745 0 19.3482 0.792745 0.609554 0 9.12568 0 0 1 0 
0.77708 -0.629402 0 19.6673 0.629402 0.77708 0 9.46765 0 0 1 0 
0.845147 -0.534534 0 20.0235 0.534534 0.845147 0 9.72668 0 0 1 0 
0.896997 -0.442036 0 20.4171 0.442036 0.896997 0 9.94302 0 0 1 0 
0.944072 -0.32974 0 20.702 0.32974 0.944072 0 10.0585 0 0 1 0 
0.96796 -0.251104 0 20.9804 0.251104 0.96796 0 10.1431 0 0 1 0 
0.991575 -0.129536 0 21.2787 0.129536 0.991575 0 10.2229 0 0 1 0 
0.987762 -0.155971 0 21.5439 0.155971 0.987762 0 10.2208 0 0 1 0 
0.985403 -0.170238 0 21.8472 0.170238 0.985403 0 10.2689 0 0 1 0 
0.985597 -0.16911 0 22.1617 0.16911 0.985597 0 10.3103 0 0 1 0 
0.991088 -0.13321 0 22.4889 0.13321 0.991088 0 10.3769 0 0 1 0 
0.999807 -0.0196237 0 22.8324 0.0196237 0.999807 0 10.4039 0 0 1 0 
0.997393 0.0721587 0 23.208 -0.0721587 0.997393 0 10.3935 0 0 1 0 
0.995494 0.0948205 0 23.6357 -0.0948205 0.995494 0 10.3607 0 0 1 0 
0.941568 -0.336824 0 24.6888 0.336824 0.941568 0 10.4119 0 0 1 0 
0.870782 -0.491669 0 24.9729 0.491669 0.870782 0 10.4827 0 0 1 0 
0.74796 -0.663744 0 25.118 0.663744 0.74796 0 10.5787 0 0 1 0 
0.623395 -0.781907 0 25.3335 0.781907 0.623395 0 10.7516 0 0 1 0 
0.488259 -0.872699 0 25.6443 0.872699 0.488259 0 11.1515 0 0 1 0 
0.44219 -0.896921 0 25.8822 0.896921 0.44219 0 11.5938 0 0 1 0 
0.438435 -0.898763 0 26.1068 0.898763 0.438435 0 12.0531 0 0 1 0 
0.496349 -0.868123 0 26.3402 0.868123 0.496349 0 12.5031 0 0 1 0 
0.606837 -0.794826 0 26.6202 0.794826 0.606837 0 12.9339 0 0 1 0 
0.787631 -0.616147 0 26.989 0.616147 0.787631 0 13.2957 0 0 1 0 
0.940146 -0.340771 0 27.3728 0.340771 0.940146 0 13.5239 0 0 1 0 
0.93228 -0.361737 0 27.7666 0.361737 0.93228 0 13.6851 0 0 1 0 
0.835628 -0.549296 0 27.927 0.549296 0.835628 0 13.7711 0 0 1 0 
0.669956 -0.742401 0 28.103 0.742401 0.669956 0 13.835 0 0 1 0 
0.499399 -0.866372 0 28.2042 0.866372 0.499399 0 13.9913 0 0 1 0 
0.300981 -0.95363 0 28.2914 0.95363 0.300981 0 14.1326 0 0 1 0 
0.125724 -0.992065 0 28.3783 0.992065 0.125724 0 14.3633 0 0 1 0 
0.0342962 -0.999412 0 28.3556 0.999412 0.0342962 0 14.5348 0 0 1 0 
0.0733756 -0.997304 0 28.385 0.997304 0.0733756 0 15.0709 0 0 1 0 
0.182962 -0.98312 0 28.4365 0.98312 0.182962 0 15.5915 0 0 1 0 
0.298037 -0.954554 0 28.5582 0.954554 0.298037 0 16.105 0 0 1 0 
0.314295 -0.949325 0 28.7327 0.949325 0.314295 0 16.5904 0 0 1 0 
0.316115 -0.948721 0 28.9284 0.948721 0.316115 0 17.0643 0 0 1 0 
0.350696 -0.936489 0 29.0265 0.936489 0.350696 0 17.3869 0 0 1 0 
0.380078 -0.924954 0 29.2087 0.924954 0.380078 0 17.8328 0 0 1 0 
0.376544 -0.926399 0 29.4196 0.926399 0.376544 0 18.3792 0 0 1 0 
0.383941 -0.923358 0 29.6692 0.923358 0.383941 0 18.8585 0 0 1 0 
0.383163 -0.923681 0 29.8761 0.923681 0.383163 0 19.3562 0 0 1 0 
0.387259 -0.921971 0 30.0807 0.921971 0.387259 0 19.8486 0 0 1 0 
0.368377 -0.929676 0 30.3387 0.929676 0.368377 0 20.3704 0 0 1 0 
0.368518 -0.929621 0 30.5349 0.929621 0.368518 0 20.863 0 0 1 0 
0.375367 -0.926876 0 30.7311 0.926876 0.375367 0 21.3589 0 0 1 0 
0.371321 -0.928504 0 30.9282 0.928504 0.371321 0 21.8508 0 0 1 0 
0.29705 -0.954862 0 31.1298 0.954862 0.29705 0 22.3594 0 0 1 0 
0.295897 -0.95522 0 31.2822 0.95522 0.295897 0 22.8527 0 0 1 0 
0.258729 -0.96595 0 31.435 0.96595 0.258729 0 23.3501 0 0 1 0 
0.237286 -0.97144 0 31.5647 0.97144 0.237286 0 23.8382 0 0 1 0 
0.415336 -0.909668 0 31.7185 0.909668 0.415336 0 24.3199 0 0 1 0 
0.688384 -0.725347 0 31.9749 0.725347 0.688384 0 24.7279 0 0 1 0 
0.702289 -0.711892 0 32.3383 0.711892 0.702289 0 25.0283 0 0 1 0 
0.595291 -0.80351 0 32.4975 0.80351 0.595291 0 25.1853 0 0 1 0 
0.473152 -0.880981 0 32.6316 0.880981 0.473152 0 25.408 0 0 1 0 
0.316354 -0.948641 0 32.7286 0.948641 0.316354 0 25.5942 0 0 1 0 
0.151973 -0.988385 0 32.7882 0.988385 0.151973 0 25.798 0 0 1 0 
-0.0907615 -0.995873 0 32.801 0.995873 -0.0907615 0 25.9896 0 0 1 0 
-0.385553 -0.922686 0 32.8197 0.922686 -0.385553 0 26.2139 0 0 1 0 
-0.672081 -0.740477 0 32.7224 0.740477 -0.672081 0 26.3731 0 0 1 0 
-0.887943 -0.459953 0 32.594 0.459953 -0.887943 0 26.5198 0 0 1 0 
-0.992396 -0.123087 0 32.4461 0.123087 -0.992396 0 26.6087 0 0 1 0 
-0.986442 0.164111 0 32.2831 -0.164111 -0.986442 0 26.5855 0 0 1 0 
-0.892668 0.450715 0 32.1335 -0.450715 -0.892668 0 26.5619 0 0 1 0 
-0.716887 0.697189 0 31.9983 -0.697189 -0.716887 0 26.4921 0 0 1 0 
-0.522615 0.852569 0 31.882 -0.852569 -0.522615 0 26.3745 0 0 1 0 
-0.354086 0.935213 0 31.7144 -0.935213 -0.354086 0 26.0814 0 0 1 0 
-0.301488 0.95347 0 31.5874 -0.95347 -0.301488 0 25.7544 0 0 1 0 
-0.236435 0.971647 0 31.5311 -0.971647 -0.236435 0 25.5347 0 0 1 0 
-0.080406 0.996762 0 31.4284 -0.996762 -0.080406 0 25.0818 0 0 1 0 
-0.0887599 0.996053 0 31.3928 -0.996053 -0.0887599 0 24.6145 0 0 1 0 
-0.0945754 0.995518 0 31.2882 -0.995518 -0.0945754 0 24.0477 0 0 1 0 
-0.197668 0.980269 0 31.258 -0.980269 -0.197668 0 23.533 0 0 1 0 
-0.321601 0.946875 0 31.0825 -0.946875 -0.321601 0 23.0034 0 0 1 0 
-0.371486 0.928438 0 30.9172 -0.928438 -0.371486 0 22.5587 0 0 1 0 
-0.433414 0.901195 0 30.6628 -0.901195 -0.433414 0 22.0497 0 0 1 0 
-0.455578 0.890196 0 30.4316 -0.890196 -0.455578 0 21.5737 0 0 1 0 
-0.451286 0.89238 0 30.1916 -0.89238 -0.451286 0 21.1067 0 0 1 0 
-0.439988 0.898003 0 29.9661 -0.898003 -0.439988 0 20.6978 0 0 1 0 
-0.42624 0.90461 0 29.6739 -0.90461 -0.42624 0 20.1327 0 0 1 0 
-0.40584 0.913944 0 29.4538 -0.913944 -0.40584 0 19.7021 0 0 1 0 
-0.391148 0.920328 0 29.2449 -0.920328 -0.391148 0 19.2324 0 0 1 0 
-0.379816 0.925062 0 29.0461 -0.925062 -0.379816 0 18.7959 0 0 1 0 
-0.357036 0.93409 0 28.7838 -0.93409 -0.357036 0 18.2133 0 0 1 0 
-0.317923 0.948116 0 28.6107 -0.948116 -0.317923 0 17.7824 0 0 1 0 
-0.247885 0.968789 0 28.4532 -0.968789 -0.247885 0 17.2766 0 0 1 0 
-0.228623 0.973515 0 28.2671 -0.973515 -0.228623 0 16.7216 0 0 1 0 
-0.227007 0.973893 0 28.1489 -0.973893 -0.227007 0 16.2185 0 0 1 0 
-0.219572 0.975596 0 28.0234 -0.975596 -0.219572 0 15.7062 0 0 1 0 
-0.309938 0.950757 0 27.8895 -0.950757 -0.309938 0 15.1959 0 0 1 0 
-0.342213 0.939622 0 27.6694 -0.939622 -0.342213 0 14.7065 0 0 1 0 
-0.39607 0.91822 0 27.4843 -0.91822 -0.39607 0 14.2283 0 0 1 0 
-0.445944 0.895061 0 27.2575 -0.895061 -0.445944 0 13.7192 0 0 1 0 
-0.473234 0.880937 0 27.0249 -0.880937 -0.473234 0 13.3015 0 0 1 0 
-0.527184 0.849751 0 26.7746 -0.849751 -0.527184 0 12.8559 0 0 1 0 
-0.519895 0.85423 0 26.4408 -0.85423 -0.519895 0 12.3676 0 0 1 0 
-0.504085 0.863654 0 26.1711 -0.863654 -0.504085 0 11.9209 0 0 1 0 
-0.440504 0.897751 0 25.8628 -0.897751 -0.440504 0 11.4289 0 0 1 0 
-0.391193 0.920309 0 25.6389 -0.920309 -0.391193 0 11.0047 0 0 1 0 
-0.240972 0.970532 0 25.4611 -0.970532 -0.240972 0 10.4671 0 0 1 0 
-0.0822015 0.996616 0 25.3264 -0.996616 -0.0822015 0 9.97504 0 0 1 0 
0.0199555 0.999801 0 25.3228 -0.999801 0.0199555 0 9.70818 0 0 1 0 
0.286101 0.9582 0 25.401 -0.9582 0.286101 0 9.15443 0 0 1 0 
0.464386 0.885633 0 25.549 -0.885633 0.464386 0 8.68209 0 0 1 0 
0.538672 0.842516 0 25.7922 -0.842516 0.538672 0 8.25816 0 0 1 0 
0.356821 0.934173 0 26.0209 -0.934173 0.356821 0 7.85877 0 0 1 0 
0.0393191 0.999227 0 26.0878 -0.999227 0.0393191 0 7.46025 0 0 1 0 
-0.249836 0.968288 0 26.0758 -0.968288 -0.249836 0 7.06192 0 0 1 0 
-0.626298 0.779584 0 25.9203 -0.779584 -0.626298 0 6.66403 0 0 1 0 
-0.861089 0.508453 0 25.6228 -0.508453 -0.861089 0 6.37968 0 0 1 0 
-0.91233 0.409457 0 25.2354 -0.409457 -0.91233 0 6.22837 0 0 1 0 
-0.927611 0.373547 0 24.7967 -0.373547 -0.927611 0 6.03445 0 0 1 0 
-0.895082 0.445901 0 24.3065 -0.445901 -0.895082 0 5.89678 0 0 1 0 
-0.792301 0.61013 0 23.9269 -0.61013 -0.792301 0 5.63385 0 0 1 0 
-0.672611 0.739996 0 23.7902 -0.739996 -0.672611 0 5.44153 0 0 1 0 
-0.498122 0.867107 0 23.6799 -0.867107 -0.498122 0 5.22893 0 0 1 0 
-0.041287 0.999147 0 23.5004 -0.999147 -0.041287 0 4.79051 0 0 1 0 
0.328137 0.94463 0 23.5035 -0.94463 0.328137 0 4.35421 0 0 1 0 
0.432756 0.901511 0 23.6777 -0.901511 0.432756 0 3.97283 0 0 1 0 
0.13836 0.990382 0 23.7977 -0.990382 0.13836 0 3.59379 0 0 1 0 
-0.276189 0.961103 0 23.7945 -0.961103 -0.276189 0 3.17803 0 0 1 0 
-0.491121 0.871091 0 23.6359 -0.871091 -0.491121 0 2.81064 0 0 1 0 
-0.44459 0.895734 0 23.4008 -0.895734 -0.44459 0 2.41999 0 0 1 0 
-0.232828 0.972518 0 23.0922 -0.972518 -0.232828 0 2.25437 0 0 1 0 
-0.0872126 0.99619 0 22.9927 -0.99619 -0.0872126 0 2.03336 0 0 1 0 
0.0455771 0.998961 0 23.0437 -0.998961 0.0455771 0 1.81733 0 0 1 0 
0.260758 0.965404 0 23.1036 -0.965404 0.260758 0 1.33895 0 0 1 0 
0.273604 0.961842 0 23.1335 -0.961842 0.273604 0 1.10365 0 0 1 0 
0.375033 0.927011 0 23.1781 -0.927011 0.375033 0 0.866022 0 0 1 0 
0.567525 0.823356 0 23.2802 -0.823356 0.567525 0 0.653198 0 0 1 0 
0.749276 0.662258 0 23.4145 -0.662258 0.749276 0 0.461183 0 0 1 0 
0.88617 0.463361 0 23.589 -0.463361 0.88617 0 0.270439 0 0 1 0 
0.973556 0.22845 0 23.7845 -0.22845 0.973556 0 0.191063 0 0 1 0 
0.999618 -0.0276394 0 24.0298 0.0276394 0.999618 0 0.158591 0 0 1 0 
0.985554 -0.169362 0 24.4212 0.169362 0.985554 0 0.17783 0 0 1 0 
0.999827 0.018594 0 24.8252 -0.018594 0.999827 0 0.227455 0 0 1 0 
0.975458 0.220186 0 25.2511 -0.220186 0.975458 0 0.200118 0 0 1 0 
0.945848 0.324609 0 25.6636 -0.324609 0.945848 0 0.0981868 0 0 1 0 
0.871518 0.490364 0 26.0903 -0.490364 0.871518 0 -0.088307 0 0 1 0 
0.782053 0.623212 0 26.5102 -0.623212 0.782053 0 -0.373482 0 0 1 0 
0.670247 0.742138 0 26.8906 -0.742138 0.670247 0 -0.699038 0 0 1 0 
0.52337 0.852106 0 27.2215 -0.852106 0.52337 0 -1.09999 0 0 1 0 
0.424836 0.905271 0 27.4827 -0.905271 0.424836 0 -1.55541 0 0 1 0 
0.22778 0.973713 0 27.6936 -0.973713 0.22778 0 -2.04984 0 0 1 0 
0.0568566 0.998382 0 27.6984 -0.998382 0.0568566 0 -2.60504 0 0 1 0 
-0.0670324 0.997751 0 27.7141 -0.997751 -0.0670324 0 -3.13275 0 0 1 0 
-0.30182 0.953365 0 27.6383 -0.953365 -0.30182 0 -3.69325 0 0 1 0 
-0.485728 0.87411 0 27.4592 -0.87411 -0.485728 0 -4.1275 0 0 1 0 
-0.667795 0.744345 0 27.1625 -0.744345 -0.667795 0 -4.55875 0 0 1 0 
-0.75802 0.652231 0 26.7733 -0.652231 -0.75802 0 -4.92812 0 0 1 0 
-0.753482 0.657468 0 26.3742 -0.657468 -0.753482 0 -5.27284 0 0 1 0 
-0.737587 0.675252 0 25.9782 -0.675252 -0.737587 0 -5.61848 0 0 1 0 
-0.760907 0.648861 0 25.5348 -0.648861 -0.760907 0 -6.00031 0 0 1 0 
-0.74789 0.663823 0 25.1435 -0.663823 -0.74789 0 -6.29205 0 0 1 0 
-0.753296 0.657682 0 24.7503 -0.657682 -0.753296 0 -6.64021 0 0 1 0 
-0.752759 0.658296 0 24.3567 -0.658296 -0.752759 0 -6.98439 0 0 1 0 
-0.740441 0.672121 0 23.9168 -0.672121 -0.740441 0 -7.35978 0 0 1 0 
-0.703388 0.710806 0 23.5498 -0.710806 -0.703388 0 -7.65797 0 0 1 0 
-0.592773 0.80537 0 23.1735 -0.80537 -0.592773 0 -8.03497 0 0 1 0 
-0.552773 0.833332 0 22.8781 -0.833332 -0.552773 0 -8.44235 0 0 1 0 
-0.427394 0.904065 0 22.7392 -0.904065 -0.427394 0 -8.66358 0 0 1 0 
-0.274535 0.961577 0 22.591 -0.961577 -0.274535 0 -8.88779 0 0 1 0 
-0.0948969 0.995487 0 22.5357 -0.995487 -0.0948969 0 -9.13513 0 0 1 0 
0.0799334 0.9968 0 22.5284 -0.9968 0.0799334 0 -9.39797 0 0 1 0 
0.244843 0.969563 0 22.5187 -0.969563 0.244843 0 -9.63819 0 0 1 0 
0.40923 0.912431 0 22.5947 -0.912431 0.40923 0 -9.92375 0 0 1 0 
0.631803 0.775129 0 22.8233 -0.775129 0.631803 0 -10.3906 0 0 1 0 
0.724867 0.688889 0 23.1563 -0.688889 0.724867 0 -10.7897 0 0 1 0 
0.766757 0.641937 0 23.5275 -0.641937 0.766757 0 -11.1364 0 0 1 0 
0.755521 0.655124 0 23.9206 -0.655124 0.755521 0 -11.4729 0 0 1 0 
0.639532 0.768765 0 24.2792 -0.768765 0.639532 0 -11.8441 0 0 1 0 
0.53799 0.842951 0 24.5815 -0.842951 0.53799 0 -12.2427 0 0 1 0 
0.483076 0.875578 0 24.8474 -0.875578 0.483076 0 -12.7206 0 0 1 0 
0.484254 0.874928 0 25.0733 -0.874928 0.484254 0 -13.1716 0 0 1 0 
0.482036 0.876152 0 25.1912 -0.876152 0.482036 0 -13.4014 0 0 1 0 
0.547251 0.836968 0 25.429 -0.836968 0.547251 0 -13.806 0 0 1 0 
0.61178 0.791028 0 25.6852 -0.791028 0.61178 0 -14.1742 0 0 1 0 
0.737127 0.675754 0 25.7798 -0.675754 0.737127 0 -14.3555 0 0 1 0 
0.847172 0.531318 0 25.9366 -0.531318 0.847172 0 -14.4885 0 0 1 0 
0.944127 0.329583 0 26.1216 -0.329583 0.944127 0 -14.6027 0 0 1 0 
0.988289 0.152591 0 26.355 -0.152591 0.988289 0 -14.6632 0 0 1 0 
0.999378 0.0352719 0 26.7371 -0.0352719 0.999378 0 -14.7109 0 0 1 0 
0.973404 0.229094 0 27.1046 -0.229094 0.973404 0 -14.7359 0 0 1 0 
0.787497 0.616318 0 27.443 -0.616318 0.787497 0 -14.8841 0 0 1 0 
0.211784 0.977316 0 27.6307 -0.977316 0.211784 0 -15.1471 0 0 1 0 
-0.375401 0.926863 0 27.6352 -0.926863 -0.375401 0 -15.4966 0 0 1 0 
-0.710792 0.703402 0 27.4603 -0.703402 -0.710792 0 -15.7009 0 0 1 0 
-0.812047 0.583592 0 27.1779 -0.583592 -0.812047 0 -15.9235 0 0 1 0 
-0.807955 0.589244 0 26.8865 -0.589244 -0.807955 0 -16.131 0 0 1 0 
