1 -1.116e-06 0 -3.36481e-07 1.116e-06 1 0 -5.06651e-07 0 0 1 0 
0.998435 0.0559283 0 0.527205 -0.0559283 0.998435 0 -0.0614646 0 0 1 0 
0.993803 0.111154 0 0.93337 -0.111154 0.993803 0 -0.101889 0 0 1 0 
0.995514 0.0946111 0 1.39486 -0.0946111 0.995514 0 -0.125025 0 0 1 0 
0.999851 0.017259 0 1.79697 -0.017259 0.999851 0 -0.135169 0 0 1 0 
0.999095 -0.0425323 0 2.23541 0.0425323 0.999095 0 -0.119104 0 0 1 0 
0.999071 -0.0430934 0 2.67778 0.0430934 0.999071 0 -0.0903581 0 0 1 0 
0.999592 -0.0285762 0 3.10565 0.0285762 0.999592 0 -0.0809734 0 0 1 0 
0.999959 0.00906469 0 3.52526 -0.00906469 0.999959 0 -0.0511543 0 0 1 0 
0.997936 0.0642191 0 3.95129 -0.0642191 0.997936 0 -0.0506776 0 0 1 0 
0.99322 0.116249 0 4.4011 -0.116249 0.99322 0 -0.0930944 0 0 1 0 
0.991591 0.12941 0 4.85308 -0.12941 0.991591 0 -0.13704 0 0 1 0 
0.991589 0.129428 0 5.26369 -0.129428 0.991589 0 -0.188931 0 0 1 0 
0.989863 0.142027 0 5.66932 -0.142027 0.989863 0 -0.224921 0 0 1 0 
0.988794 0.149285 0 6.13825 -0.149285 0.988794 0 -0.296689 0 0 1 0 
0.987693 0.156403 0 6.56842 -0.156403 0.987693 0 -0.353887 0 0 1 0 
0.9862 0.165557 0 6.98579 -0.165557 0.9862 0 -0.426566 0 0 1 0 
0.985441 0.170018 0 7.41869 -0.170018 0.985441 0 -0.492482 0 0 1 0 
0.985022 0.172431 0 7.84909 -0.172431 0.985022 0 -0.566187 0 0 1 0 
0.981872 0.189545 0 8.26234 -0.189545 0.981872 0 -0.615709 0 0 1 0 
0.981584 0.191029 0 8.70126 -0.191029 0.981584 0 -0.711781 0 0 1 0 
0.978605 0.205749 0 9.11712 -0.205749 0.978605 0 -0.782637 0 0 1 0 
0.978078 0.208241 0 9.53814 -0.208241 0.978078 0 -0.875444 0 0 1 0 
0.977883 0.209155 0 9.9701 -0.209155 0.977883 0 -0.963544 0 0 1 0 
0.848914 0.52853 0 10.0957 -0.52853 0.848914 0 -1.01454 0 0 1 0 
-0.00804304 0.999968 0 10.1958 -0.999968 -0.00804304 0 -1.29007 0 0 1 0 
-0.821026 -0.570891 0 10.1464 0.570891 -0.821026 0 -1.3042 0 0 1 0 
-0.861593 -0.5076 0 9.74799 0.5076 -0.861593 0 -1.00548 0 0 1 0 
-0.962386 -0.271687 0 9.36249 0.271687 -0.962386 0 -0.873303 0 0 1 0 
-0.963435 -0.267942 0 8.94454 0.267942 -0.963435 0 -0.743729 0 0 1 0 
-0.99878 -0.0493759 0 8.51075 0.0493759 -0.99878 0 -0.723333 0 0 1 0 
-0.998903 0.046823 0 8.07961 -0.046823 -0.998903 0 -0.694098 0 0 1 0 
-0.988995 0.147947 0 7.65284 -0.147947 -0.988995 0 -0.723334 0 0 1 0 
-0.995854 0.0909688 0 7.21493 -0.0909688 -0.995854 0 -0.802439 0 0 1 0 
-0.99513 -0.0985713 0 6.68726 0.0985713 -0.99513 0 -0.783949 0 0 1 0 
-0.994454 -0.105172 0 6.1351 0.105172 -0.994454 0 -0.722891 0 0 1 0 
-0.993377 -0.114903 0 5.7086 0.114903 -0.993377 0 -0.670903 0 0 1 0 
-0.991314 -0.131517 0 5.2598 0.131517 -0.991314 0 -0.633238 0 0 1 0 
-0.99041 -0.138158 0 4.85455 0.138158 -0.99041 0 -0.582864 0 0 1 0 
-0.988307 -0.152478 0 4.42773 0.152478 -0.988307 0 -0.502793 0 0 1 0 
-0.985598 -0.169108 0 4.00108 0.169108 -0.985598 0 -0.438142 0 0 1 0 
-0.983797 -0.179286 0 3.58822 0.179286 -0.983797 0 -0.379648 0 0 1 0 
-0.982402 -0.186781 0 3.14534 0.186781 -0.982402 0 -0.276687 0 0 1 0 
-0.985463 -0.169891 0 2.72424 0.169891 -0.985463 0 -0.216307 0 0 1 0 
-0.990913 -0.134508 0 2.28583 0.134508 -0.990913 0 -0.135045 0 0 1 0 
-0.989713 -0.143065 0 1.8627 0.143065 -0.989713 0 -0.0997398 0 0 1 0 
-0.989832 -0.142242 0 1.44683 0.142242 -0.989832 0 -0.0345369 0 0 1 0 
-0.988813 -0.14916 0 1.02743 0.14916 -0.988813 0 0.0355421 0 0 1 0 
-0.998837 0.0482096 0 0.590235 -0.0482096 -0.998837 0 0.0393801 0 0 1 0 
-0.998513 0.0545074 0 0.169388 -0.0545074 -0.998513 0 0.000546119 0 0 1 0 
-0.998015 0.0629829 0 -0.280233 -0.0629829 -0.998015 0 -0.003482 0 0 1 0 
-0.998622 0.0524837 0 -0.702809 -0.0524837 -0.998622 0 -0.0441041 0 0 1 0 
-0.998531 0.0541756 0 -1.11797 -0.0541756 -0.998531 0 -0.0546143 0 0 1 0 
-0.999367 0.0355886 0 -1.54508 -0.0355886 -0.999367 0 -0.0751137 0 0 1 0 
-0.998892 0.0470578 0 -1.97612 -0.0470578 -0.998892 0 -0.0612242 0 0 1 0 
-0.998857 0.0478059 0 -2.41215 -0.0478059 -0.998857 0 -0.0474191 0 0 1 0 
-0.999985 0.00545788 0 -2.95388 -0.00545788 -0.999985 0 -0.122039 0 0 1 0 
-0.989414 0.145119 0 -3.38475 -0.145119 -0.989414 0 -0.158885 0 0 1 0 
-0.993925 0.110063 0 -3.79882 -0.110063 -0.993925 0 -0.245948 0 0 1 0 
-0.998006 0.0631203 0 -4.25059 -0.0631203 -0.998006 0 -0.285144 0 0 1 0 
-0.999593 0.0285304 0 -4.68896 -0.0285304 -0.999593 0 -0.302449 0 0 1 0 
-0.999735 0.0230209 0 -5.11778 -0.0230209 -0.999735 0 -0.320311 0 0 1 0 
-0.999791 0.0204611 0 -5.53309 -0.0204611 -0.999791 0 -0.297574 0 0 1 0 
-0.994893 -0.100935 0 -5.96935 0.100935 -0.994893 0 -0.348731 0 0 1 0 
-0.992035 -0.125965 0 -6.39158 0.125965 -0.992035 0 -0.323634 0 0 1 0 
-0.990686 -0.136163 0 -6.84343 0.136163 -0.990686 0 -0.281463 0 0 1 0 
-0.990185 -0.139765 0 -7.26114 0.139765 -0.990185 0 -0.207441 0 0 1 0 
-0.989191 -0.14663 0 -7.67661 0.14663 -0.989191 0 -0.14515 0 0 1 0 
-0.995711 -0.0925132 0 -8.11237 0.0925132 -0.995711 0 -0.0583735 0 0 1 0 
-0.988827 -0.149066 0 -8.5539 0.149066 -0.988827 0 -0.0558492 0 0 1 0 
-0.999933 -0.0116133 0 -8.98044 0.0116133 -0.999933 0 -0.0318 0 0 1 0 
-0.999731 -0.0231725 0 -9.41356 0.0231725 -0.999731 0 -0.0316929 0 0 1 0 
-0.999999 -0.00161911 0 -9.84586 0.00161911 -0.999999 0 -0.0273546 0 0 1 0 
-0.999982 -0.00607972 0 -10.2458 0.00607972 -0.999982 0 -0.0407242 0 0 1 0 
-0.999588 -0.0286866 0 -10.6998 0.0286866 -0.999588 0 -0.0500724 0 0 1 0 
-0.999091 -0.0426287 0 -11.1598 0.0426287 -0.999091 0 -0.0386771 0 0 1 0 
-0.999381 -0.0351739 0 -11.5512 0.0351739 -0.999381 0 -0.0207131 0 0 1 0 
-0.998981 -0.045139 0 -12.0213 0.045139 -0.998981 0 -0.0170306 0 0 1 0 
-0.998695 -0.0510763 0 -12.4508 0.0510763 -0.998695 0 0.00591827 0 0 1 0 
-0.998579 -0.0532926 0 -12.8496 0.0532926 -0.998579 0 0.0145399 0 0 1 0 
-0.999979 0.00646622 0 -13.2992 -0.00646622 -0.999979 0 0.0247461 0 0 1 0 
-0.99612 0.0880003 0 -13.4485 -0.0880003 -0.99612 0 0.080941 0 0 1 0 
-0.991021 0.133708 0 -13.6188 -0.133708 -0.991021 0 0.105929 0 0 1 0 
-0.996229 0.0867581 0 -14.0289 -0.0867581 -0.996229 0 -0.00449631 0 0 1 0 
-0.999577 0.0290872 0 -14.4426 -0.0290872 -0.999577 0 -0.0790813 0 0 1 0 
-0.989852 -0.142104 0 -14.8765 0.142104 -0.989852 0 -0.0314483 0 0 1 0 
-0.991523 -0.12993 0 -15.2948 0.12993 -0.991523 0 0.0474781 0 0 1 0 
-0.985165 -0.171608 0 -15.7341 0.171608 -0.985165 0 0.109345 0 0 1 0 
-0.997589 -0.0693988 0 -16.1488 0.0693988 -0.997589 0 0.205298 0 0 1 0 
-0.982817 -0.184582 0 -16.5784 0.184582 -0.982817 0 0.163595 0 0 1 0 
-0.995337 -0.0964598 0 -17.0177 0.0964598 -0.995337 0 0.24752 0 0 1 0 
-0.996181 -0.087309 0 -17.4386 0.087309 -0.996181 0 0.290488 0 0 1 0 
-0.994225 -0.107312 0 -17.8812 0.107312 -0.994225 0 0.348196 0 0 1 0 
-0.994347 -0.106179 0 -18.3035 0.106179 -0.994347 0 0.374047 0 0 1 0 
-0.992707 -0.120549 0 -18.728 0.120549 -0.992707 0 0.439762 0 0 1 0 
-0.993249 -0.116003 0 -19.1647 0.116003 -0.993249 0 0.476247 0 0 1 0 
-0.993044 -0.117747 0 -19.6012 0.117747 -0.993044 0 0.515443 0 0 1 0 
-0.991277 -0.131799 0 -19.9706 0.131799 -0.991277 0 0.580532 0 0 1 0 
-0.993757 -0.111568 0 -20.4519 0.111568 -0.993757 0 0.604493 0 0 1 0 
-0.998863 -0.0476661 0 -20.8771 0.0476661 -0.998863 0 0.677929 0 0 1 0 
-0.997764 -0.0668335 0 -21.3136 0.0668335 -0.997764 0 0.675373 0 0 1 0 
-0.998721 -0.0505621 0 -21.7476 0.0505621 -0.998721 0 0.728209 0 0 1 0 
-0.999161 0.0409638 0 -22.1803 -0.0409638 -0.999161 0 0.746475 0 0 1 0 
-0.983499 0.180914 0 -22.5922 -0.180914 -0.983499 0 0.66532 0 0 1 0 
-0.988491 0.151279 0 -23.0184 -0.151279 -0.988491 0 0.593248 0 0 1 0 
-0.999705 -0.0242952 0 -23.458 0.0242952 -0.999705 0 0.568295 0 0 1 0 
-0.950841 -0.30968 0 -23.8496 0.30968 -0.950841 0 0.628804 0 0 1 0 
-0.184814 -0.982774 0 -23.9345 0.982774 -0.184814 0 0.772725 0 0 1 0 
0.990447 0.137894 0 -23.5958 -0.137894 0.990447 0 0.840786 0 0 1 0 
0.984179 0.177174 0 -23.1874 -0.177174 0.984179 0 0.781024 0 0 1 0 
0.987216 0.159387 0 -22.7432 -0.159387 0.987216 0 0.680964 0 0 1 0 
0.988737 0.149662 0 -22.3063 -0.149662 0.988737 0 0.631054 0 0 1 0 
0.988811 0.149175 0 -21.8708 -0.149175 0.988811 0 0.568722 0 0 1 0 
0.988648 0.150248 0 -21.4353 -0.150248 0.988648 0 0.506649 0 0 1 0 
0.986242 0.165309 0 -21.0135 -0.165309 0.986242 0 0.458616 0 0 1 0 
0.987537 0.157389 0 -20.6012 -0.157389 0.987537 0 0.360529 0 0 1 0 
0.998281 0.0586129 0 -20.1837 -0.0586129 0.998281 0 0.297102 0 0 1 0 
0.999217 0.0395732 0 -19.761 -0.0395732 0.999217 0 0.284743 0 0 1 0 
0.999342 0.0362648 0 -19.2935 -0.0362648 0.999342 0 0.271506 0 0 1 0 
0.999109 0.0422073 0 -18.8947 -0.0422073 0.999109 0 0.281184 0 0 1 0 
0.999129 0.0417181 0 -18.4572 -0.0417181 0.999129 0 0.246538 0 0 1 0 
0.98666 0.162795 0 -18.0141 -0.162795 0.98666 0 0.218621 0 0 1 0 
0.990737 0.135796 0 -17.6038 -0.135796 0.990737 0 0.156469 0 0 1 0 
0.992287 0.123959 0 -17.181 -0.123959 0.992287 0 0.115783 0 0 1 0 
0.98978 0.142602 0 -16.7159 -0.142602 0.98978 0 0.0418109 0 0 1 0 
0.984443 0.175706 0 -16.2852 -0.175706 0.984443 0 -0.0153621 0 0 1 0 
0.991676 0.12876 0 -15.8637 -0.12876 0.991676 0 -0.0602088 0 0 1 0 
0.999878 -0.015609 0 -15.438 0.015609 0.999878 0 -0.0978875 0 0 1 0 
0.999415 -0.0341928 0 -14.9996 0.0341928 0.999415 0 -0.0775031 0 0 1 0 
0.99955 -0.0300015 0 -14.5568 0.0300015 0.99955 0 -0.0376846 0 0 1 0 
0.999247 0.0388123 0 -14.1251 -0.0388123 0.999247 0 -0.0363724 0 0 1 0 
0.996645 0.0818459 0 -13.6988 -0.0818459 0.996645 0 -0.0489308 0 0 1 0 
0.996281 0.0861685 0 -13.2445 -0.0861685 0.996281 0 -0.112989 0 0 1 0 
0.994926 0.100609 0 -12.8694 -0.100609 0.994926 0 -0.142592 0 0 1 0 
0.999794 0.0203203 0 -12.3978 -0.0203203 0.999794 0 -0.146404 0 0 1 0 
0.933484 -0.358619 0 -11.9823 0.358619 0.933484 0 -0.0813789 0 0 1 0 
0.885637 -0.464378 0 -11.5818 0.464378 0.885637 0 0.0889044 0 0 1 0 
0.761795 -0.647818 0 -11.261 0.647818 0.761795 0 0.330459 0 0 1 0 
0.490094 -0.87167 0 -10.9615 0.87167 0.490094 0 0.627577 0 0 1 0 
0.0188467 -0.999822 0 -10.8581 0.999822 0.0188467 0 1.03369 0 0 1 0 
-0.148424 -0.988924 0 -10.9344 0.988924 -0.148424 0 1.46704 0 0 1 0 
-0.0042035 -0.999991 0 -10.9902 0.999991 -0.0042035 0 1.89596 0 0 1 0 
0.0979584 -0.995191 0 -10.9438 0.995191 0.0979584 0 2.32342 0 0 1 0 
0.0997863 -0.995009 0 -10.8904 0.995009 0.0997863 0 2.75941 0 0 1 0 
-0.0923919 -0.995723 0 -10.9277 0.995723 -0.0923919 0 3.15464 0 0 1 0 
-0.091218 -0.995831 0 -10.9446 0.995831 -0.091218 0 3.62623 0 0 1 0 
0.0200666 -0.999799 0 -10.9713 0.999799 0.0200666 0 4.04035 0 0 1 0 
-0.0473697 -0.998877 0 -10.9496 0.998877 -0.0473697 0 4.45289 0 0 1 0 
-0.432256 -0.901751 0 -11.0451 0.901751 -0.432256 0 4.88206 0 0 1 0 
-0.759482 -0.650528 0 -11.3338 0.650528 -0.759482 0 5.22098 0 0 1 0 
-0.99424 -0.10718 0 -11.6581 0.10718 -0.99424 0 5.35479 0 0 1 0 
-0.896431 0.443182 0 -12.0233 -0.443182 -0.896431 0 5.28132 0 0 1 0 
-0.591272 0.806472 0 -12.2666 -0.806472 -0.591272 0 5.02321 0 0 1 0 
-0.463353 0.886174 0 -12.4819 -0.886174 -0.463353 0 4.70342 0 0 1 0 
-0.0853244 0.996353 0 -12.6259 -0.996353 -0.0853244 0 4.30747 0 0 1 0 
0.0762698 0.997087 0 -12.6145 -0.997087 0.0762698 0 3.86758 0 0 1 0 
-0.0518111 0.998657 0 -12.6217 -0.998657 -0.0518111 0 3.45617 0 0 1 0 
-0.634185 0.773181 0 -12.6705 -0.773181 -0.634185 0 3.22328 0 0 1 0 
-0.970037 0.242959 0 -13.0653 -0.242959 -0.970037 0 3.1736 0 0 1 0 
-0.798132 0.602482 0 -13.4315 -0.602482 -0.798132 0 3.0031 0 0 1 0 
-0.67552 0.737342 0 -13.5787 -0.737342 -0.67552 0 2.86399 0 0 1 0 
-0.772497 0.635019 0 -13.4987 -0.635019 -0.772497 0 2.95696 0 0 1 0 
-0.983988 0.178235 0 -13.9046 -0.178235 -0.983988 0 2.86942 0 0 1 0 
-0.999351 0.0360213 0 -14.2424 -0.0360213 -0.999351 0 2.82289 0 0 1 0 
-0.815862 -0.578246 0 -14.7389 0.578246 -0.815862 0 2.97677 0 0 1 0 
-0.374652 -0.927165 0 -15.0285 0.927165 -0.374652 0 3.29766 0 0 1 0 
-0.0774422 -0.996997 0 -15.1079 0.996997 -0.0774422 0 3.71402 0 0 1 0 
0.1548 -0.987946 0 -15.0636 0.987946 0.1548 0 4.2752 0 0 1 0 
-0.339314 -0.940673 0 -15.0806 0.940673 -0.339314 0 4.71633 0 0 1 0 
-0.552491 -0.833519 0 -15.1886 0.833519 -0.552491 0 5.01467 0 0 1 0 
-0.583174 -0.812348 0 -15.1391 0.812348 -0.583174 0 4.9485 0 0 1 0 
-0.662601 -0.748972 0 -15.1881 0.748972 -0.662601 0 5.04426 0 0 1 0 
-0.503097 -0.86423 0 -15.2638 0.86423 -0.503097 0 5.17312 0 0 1 0 
-0.518002 -0.855379 0 -15.4781 0.855379 -0.518002 0 5.54135 0 0 1 0 
-0.840819 -0.541317 0 -15.7676 0.541317 -0.840819 0 5.88826 0 0 1 0 
-0.99999 -0.0044985 0 -16.1661 0.0044985 -0.99999 0 5.94699 0 0 1 0 
-0.836228 0.548382 0 -16.5694 -0.548382 -0.836228 0 5.79454 0 0 1 0 
-0.675602 0.737267 0 -16.3492 -0.737267 -0.675602 0 6.0868 0 0 1 0 
-0.521561 0.853214 0 -16.1946 -0.853214 -0.521561 0 6.30135 0 0 1 0 
-0.0678262 0.997697 0 -16.2455 -0.997697 -0.0678262 0 6.04438 0 0 1 0 
0.427323 0.904099 0 -16.2253 -0.904099 0.427323 0 6.02206 0 0 1 0 
0.809598 0.586985 0 -16.0217 -0.586985 0.809598 0 5.85585 0 0 1 0 
0.827324 0.561725 0 -15.6267 -0.561725 0.827324 0 5.6771 0 0 1 0 
0.518306 0.855195 0 -15.3783 -0.855195 0.518306 0 5.32781 0 0 1 0 
0.536854 0.843675 0 -15.1594 -0.843675 0.536854 0 5.00148 0 0 1 0 
0.333966 0.942585 0 -14.9241 -0.942585 0.333966 0 4.59031 0 0 1 0 
-0.221143 0.975241 0 -14.9247 -0.975241 -0.221143 0 4.16992 0 0 1 0 
-0.711315 0.702874 0 -15.152 -0.702874 -0.711315 0 3.83674 0 0 1 0 
-0.980902 0.194505 0 -15.5635 -0.194505 -0.980902 0 3.6279 0 0 1 0 
-0.968268 -0.249914 0 -15.9497 0.249914 -0.968268 0 3.68926 0 0 1 0 
-0.990332 0.138716 0 -16.4202 -0.138716 -0.990332 0 3.69498 0 0 1 0 
-0.990498 0.137525 0 -16.7951 -0.137525 -0.990498 0 3.60437 0 0 1 0 
-0.993077 0.117462 0 -16.4054 -0.117462 -0.993077 0 3.6448 0 0 1 0 
-0.992901 0.118945 0 -16.0005 -0.118945 -0.992901 0 3.74634 0 0 1 0 
-0.831528 0.555483 0 -16.0586 -0.555483 -0.831528 0 3.64676 0 0 1 0 
-0.338111 0.941106 0 -16.1368 -0.941106 -0.338111 0 3.58604 0 0 1 0 
0.0892777 0.996007 0 -16.1502 -0.996007 0.0892777 0 3.59834 0 0 1 0 
0.64378 0.765211 0 -16.1189 -0.765211 0.64378 0 3.56839 0 0 1 0 
0.963856 0.266424 0 -15.7841 -0.266424 0.963856 0 3.37665 0 0 1 0 
0.95 0.312251 0 -15.3351 -0.312251 0.95 0 3.29078 0 0 1 0 
0.856259 0.516547 0 -15.0129 -0.516547 0.856259 0 3.04045 0 0 1 0 
0.998509 -0.0545873 0 -14.6799 0.0545873 0.998509 0 2.95068 0 0 1 0 
0.984599 0.174825 0 -14.2246 -0.174825 0.984599 0 2.95461 0 0 1 0 
0.927286 0.374353 0 -13.8383 -0.374353 0.927286 0 2.82234 0 0 1 0 
0.9995 0.0316093 0 -13.4145 -0.0316093 0.9995 0 2.72195 0 0 1 0 
0.998822 0.0485163 0 -13.0088 -0.0485163 0.998822 0 2.72135 0 0 1 0 
0.999472 0.0324942 0 -12.5773 -0.0324942 0.999472 0 2.69522 0 0 1 0 
0.93125 0.364382 0 -12.1458 -0.364382 0.93125 0 2.64425 0 0 1 0 
0.772143 0.635449 0 -11.7858 -0.635449 0.772143 0 2.3884 0 0 1 0 
0.851348 0.524602 0 -11.3395 -0.524602 0.851348 0 2.09371 0 0 1 0 
0.522235 0.852802 0 -11.0343 -0.852802 0.522235 0 1.81017 0 0 1 0 
-0.037474 0.999298 0 -10.9166 -0.999298 -0.037474 0 1.39832 0 0 1 0 
-0.583453 0.812147 0 -11.0671 -0.812147 -0.583453 0 0.9892 0 0 1 0 
-0.941731 0.336366 0 -11.399 -0.336366 -0.941731 0 0.732163 0 0 1 0 
-0.994951 0.100365 0 -11.8206 -0.100365 -0.994951 0 0.654633 0 0 1 0 
-0.939005 0.343905 0 -12.2408 -0.343905 -0.939005 0 0.52764 0 0 1 0 
-0.974192 0.22572 0 -12.6458 -0.22572 -0.974192 0 0.405753 0 0 1 0 
-0.996996 0.0774511 0 -13.0798 -0.0774511 -0.996996 0 0.316322 0 0 1 0 
-0.99569 -0.0927464 0 -13.6263 0.0927464 -0.99569 0 0.327076 0 0 1 0 
-0.999935 -0.0114397 0 -14.0239 0.0114397 -0.999935 0 0.376299 0 0 1 0 
-0.985954 0.167017 0 -14.4878 -0.167017 -0.985954 0 0.313481 0 0 1 0 
-0.99809 0.0617724 0 -14.9047 -0.0617724 -0.99809 0 0.24689 0 0 1 0 
-0.998582 0.0532356 0 -15.3224 -0.0532356 -0.998582 0 0.255151 0 0 1 0 
-0.999824 0.0187715 0 -15.7592 -0.0187715 -0.999824 0 0.228244 0 0 1 0 
-0.998905 0.0467884 0 -16.1763 -0.0467884 -0.998905 0 0.19354 0 0 1 0 
-0.999828 -0.0185343 0 -16.6164 0.0185343 -0.999828 0 0.210968 0 0 1 0 
-0.995255 0.0972975 0 -17.0328 -0.0972975 -0.995255 0 0.166308 0 0 1 0 
-0.997901 0.0647637 0 -17.459 -0.0647637 -0.997901 0 0.136093 0 0 1 0 
-0.999261 -0.0384426 0 -17.8882 0.0384426 -0.999261 0 0.135016 0 0 1 0 
-0.99483 -0.101551 0 -18.3189 0.101551 -0.99483 0 0.161466 0 0 1 0 
-0.986816 -0.161844 0 -18.7459 0.161844 -0.986816 0 0.221085 0 0 1 0 
-0.998907 -0.0467507 0 -19.1642 0.0467507 -0.998907 0 0.270892 0 0 1 0 
-0.975306 0.220858 0 -19.617 -0.220858 -0.975306 0 0.28795 0 0 1 0 
-0.984141 0.17739 0 -20.0218 -0.17739 -0.984141 0 0.126478 0 0 1 0 
-0.98457 0.174992 0 -20.1434 -0.174992 -0.98457 0 0.0902565 0 0 1 0 
-0.711751 0.702432 0 -19.9191 -0.702432 -0.711751 0 0.135229 0 0 1 0 
-0.134726 0.990883 0 -20.0498 -0.990883 -0.134726 0 -0.0978608 0 0 1 0 
-0.118715 0.992928 0 -20.0913 -0.992928 -0.118715 0 -0.505126 0 0 1 0 
0.00137471 0.999999 0 -20.1509 -0.999999 0.00137471 0 -0.914973 0 0 1 0 
0.318846 0.947806 0 -20.0443 -0.947806 0.318846 0 -1.42705 0 0 1 0 
0.0141844 0.999899 0 -19.9511 -0.999899 0.0141844 0 -1.85593 0 0 1 0 
0.127516 0.991837 0 -19.9363 -0.991837 0.127516 0 -2.26937 0 0 1 0 
0.142906 0.989736 0 -19.9149 -0.989736 0.142906 0 -2.70592 0 0 1 0 
-0.216512 0.97628 0 -19.9212 -0.97628 -0.216512 0 -3.12808 0 0 1 0 
-0.120218 0.992748 0 -20.0527 -0.992748 -0.120218 0 -3.56076 0 0 1 0 
0.227545 0.973768 0 -20.0253 -0.973768 0.227545 0 -3.85403 0 0 1 0 
-0.418563 0.908188 0 -20.0713 -0.908188 -0.418563 0 -4.26635 0 0 1 0 
-0.538778 0.842448 0 -20.2716 -0.842448 -0.538778 0 -4.61691 0 0 1 0 
-0.47675 0.879039 0 -20.4814 -0.879039 -0.47675 0 -4.97726 0 0 1 0 
0.16871 0.985666 0 -20.5284 -0.985666 0.16871 0 -4.99943 0 0 1 0 
0.585405 0.810741 0 -20.4563 -0.810741 0.585405 0 -5.12961 0 0 1 0 
0.943497 0.331381 0 -20.6147 -0.331381 0.943497 0 -4.95473 0 0 1 0 
0.954527 -0.298126 0 -20.2831 0.298126 0.954527 0 -4.94103 0 0 1 0 
0.666835 -0.745205 0 -20.5048 0.745205 0.666835 0 -5.08947 0 0 1 0 
0.360964 -0.93258 0 -20.4359 0.93258 0.360964 0 -4.81363 0 0 1 0 
0.44301 -0.896516 0 -20.2723 0.896516 0.44301 0 -4.45218 0 0 1 0 
0.340669 -0.940183 0 -20.1069 0.940183 0.340669 0 -3.95119 0 0 1 0 
0.0787737 -0.996893 0 -20.0182 0.996893 0.0787737 0 -3.53031 0 0 1 0 
0.0179401 -0.999839 0 -20.0068 0.999839 0.0179401 0 -3.07928 0 0 1 0 
-0.251586 -0.967835 0 -20.0268 0.967835 -0.251586 0 -2.66185 0 0 1 0 
-0.479165 -0.877725 0 -20.2132 0.877725 -0.479165 0 -2.26414 0 0 1 0 
-0.040232 -0.99919 0 -20.3133 0.99919 -0.040232 0 -1.85967 0 0 1 0 
0.310096 -0.950705 0 -20.2323 0.950705 0.310096 0 -1.42936 0 0 1 0 
0.318481 -0.947929 0 -20.0967 0.947929 0.318481 0 -1.02621 0 0 1 0 
-0.213897 -0.976856 0 -19.9912 0.976856 -0.213897 0 -0.594376 0 0 1 0 
-0.724785 -0.688975 0 -20.1388 0.688975 -0.724785 0 -0.311064 0 0 1 0 
-0.884818 -0.465937 0 -20.5117 0.465937 -0.884818 0 -0.0643582 0 0 1 0 
-0.943261 -0.332053 0 -20.8979 0.332053 -0.943261 0 0.117327 0 0 1 0 
-0.974005 -0.226526 0 -21.3188 0.226526 -0.974005 0 0.245092 0 0 1 0 
-0.987311 -0.158801 0 -21.7251 0.158801 -0.987311 0 0.317214 0 0 1 0 
-0.98196 -0.189088 0 -22.1594 0.189088 -0.98196 0 0.343057 0 0 1 0 
-0.950794 -0.309825 0 -22.5808 0.309825 -0.950794 0 0.478031 0 0 1 0 
-0.898349 -0.439283 0 -22.9709 0.439283 -0.898349 0 0.655659 0 0 1 0 
-0.882081 -0.471098 0 -23.3253 0.471098 -0.882081 0 0.826115 0 0 1 0 
-0.859729 -0.510751 0 -23.4691 0.510751 -0.859729 0 0.96687 0 0 1 0 
-0.998088 -0.061813 0 -23.3706 0.061813 -0.998088 0 0.928918 0 0 1 0 
-0.850118 0.526592 0 -23.6577 -0.526592 -0.850118 0 0.819401 0 0 1 0 
-0.416205 0.909271 0 -23.8904 -0.909271 -0.416205 0 0.484043 0 0 1 0 
0.165892 0.986144 0 -23.9483 -0.986144 0.165892 0 0.0846079 0 0 1 0 
0.243705 0.969849 0 -23.8502 -0.969849 0.243705 0 -0.350788 0 0 1 0 
0.237272 0.971443 0 -23.7271 -0.971443 0.237272 0 -0.738491 0 0 1 0 
0.446825 0.894621 0 -23.6095 -0.894621 0.446825 0 -1.17081 0 0 1 0 
0.400216 0.916421 0 -23.3885 -0.916421 0.400216 0 -1.49958 0 0 1 0 
-0.129901 0.991527 0 -23.3259 -0.991527 -0.129901 0 -1.91109 0 0 1 0 
-0.128165 0.991753 0 -23.3669 -0.991753 -0.128165 0 -2.11905 0 0 1 0 
0.252303 0.967648 0 -23.3197 -0.967648 0.252303 0 -2.05152 0 0 1 0 
0.250139 0.96821 0 -23.2148 -0.96821 0.250139 0 -2.441 0 0 1 0 
0.0354406 0.999372 0 -23.1378 -0.999372 0.0354406 0 -2.88345 0 0 1 0 
-0.173126 0.9849 0 -23.1747 -0.9849 -0.173126 0 -3.24343 0 0 1 0 
-0.01819 0.999835 0 -23.1478 -0.999835 -0.01819 0 -2.84646 0 0 1 0 
0.113094 0.993584 0 -23.1441 -0.993584 0.113094 0 -2.32071 0 0 1 0 
0.264963 0.964259 0 -23.2908 -0.964259 0.264963 0 -1.79895 0 0 1 0 
0.285322 0.958432 0 -23.4195 -0.958432 0.285322 0 -1.364 0 0 1 0 
0.300618 0.953745 0 -23.531 -0.953745 0.300618 0 -0.970642 0 0 1 0 
0.321856 0.946788 0 -23.6618 -0.946788 0.321856 0 -0.559547 0 0 1 0 
0.37126 0.928529 0 -23.7818 -0.928529 0.37126 0 -0.217889 0 0 1 0 
0.844558 0.535464 0 -23.7617 -0.535464 0.844558 0 -0.217495 0 0 1 0 
0.999447 -0.0332431 0 -23.7473 0.0332431 0.999447 0 -0.208131 0 0 1 0 
0.959826 -0.280594 0 -23.2671 0.280594 0.959826 0 -0.0442259 0 0 1 0 
0.935006 -0.354632 0 -22.8515 0.354632 0.935006 0 0.0395031 0 0 1 0 
0.882682 -0.46997 0 -22.4186 0.46997 0.882682 0 0.206243 0 0 1 0 
0.951208 -0.30855 0 -22.1175 0.30855 0.951208 0 0.321912 0 0 1 0 
0.993884 -0.110431 0 -21.7488 0.110431 0.993884 0 0.440397 0 0 1 0 
0.992004 0.12621 0 -21.2973 -0.12621 0.992004 0 0.375864 0 0 1 0 
0.99874 0.0501907 0 -20.8965 -0.0501907 0.99874 0 0.407653 0 0 1 0 
0.998516 0.0544521 0 -20.4512 -0.0544521 0.998516 0 0.377126 0 0 1 0 
0.998495 0.0548425 0 -20.0282 -0.0548425 0.998495 0 0.331305 0 0 1 0 
0.998281 0.0586145 0 -19.5882 -0.0586145 0.998281 0 0.357798 0 0 1 0 
0.999481 0.0322235 0 -19.0681 -0.0322235 0.999481 0 0.305841 0 0 1 0 
0.994953 0.100346 0 -18.6311 -0.100346 0.994953 0 0.282721 0 0 1 0 
0.988507 0.151173 0 -18.2182 -0.151173 0.988507 0 0.139213 0 0 1 0 
0.972067 0.234702 0 -17.7875 -0.234702 0.972067 0 0.0455035 0 0 1 0 
0.945381 0.325966 0 -17.332 -0.325966 0.945381 0 0.0615144 0 0 1 0 
0.968496 0.249031 0 -16.9445 -0.249031 0.968496 0 -0.125938 0 0 1 0 
0.954929 0.296833 0 -16.5245 -0.296833 0.954929 0 -0.198023 0 0 1 0 
0.90218 0.43136 0 -16.111 -0.43136 0.90218 0 -0.389736 0 0 1 0 
0.66357 0.748114 0 -15.7797 -0.748114 0.66357 0 -0.640333 0 0 1 0 
0.108634 0.994082 0 -15.6417 -0.994082 0.108634 0 -1.01805 0 0 1 0 
-0.462902 0.886409 0 -15.6999 -0.886409 -0.462902 0 -1.44778 0 0 1 0 
-0.872899 0.487901 0 -16.0039 -0.487901 -0.872899 0 -1.73573 0 0 1 0 
-0.997567 -0.0697212 0 -16.42 0.0697212 -0.997567 0 -1.8381 0 0 1 0 
-0.994243 -0.107148 0 -16.8368 0.107148 -0.994243 0 -1.76154 0 0 1 0 
-0.992446 0.122679 0 -17.262 -0.122679 -0.992446 0 -1.7838 0 0 1 0 
-0.772639 0.634845 0 -17.3493 -0.634845 -0.772639 0 -1.80688 0 0 1 0 
-0.27538 0.961335 0 -17.4848 -0.961335 -0.27538 0 -2.00404 0 0 1 0 
0.321589 0.946879 0 -17.4373 -0.946879 0.321589 0 -2.21541 0 0 1 0 
0.802652 0.596448 0 -17.1758 -0.596448 0.802652 0 -2.56335 0 0 1 0 
0.901282 0.433233 0 -16.7894 -0.433233 0.901282 0 -2.7653 0 0 1 0 
0.739223 0.67346 0 -16.4296 -0.67346 0.739223 0 -3.01148 0 0 1 0 
0.341481 0.939889 0 -16.2061 -0.939889 0.341481 0 -3.32052 0 0 1 0 
0.166135 0.986103 0 -16.1315 -0.986103 0.166135 0 -3.78701 0 0 1 0 
-0.289737 0.957106 0 -16.1728 -0.957106 -0.289737 0 -4.1982 0 0 1 0 
-0.771738 0.63594 0 -16.3878 -0.63594 -0.771738 0 -4.55414 0 0 1 0 
-0.880619 0.473826 0 -16.7353 -0.473826 -0.880619 0 -4.77295 0 0 1 0 
-0.590018 0.80739 0 -16.9066 -0.80739 -0.590018 0 -4.90726 0 0 1 0 
-0.0303899 0.999538 0 -16.9735 -0.999538 -0.0303899 0 -5.0494 0 0 1 0 
0.527533 0.849535 0 -16.9308 -0.849535 0.527533 0 -5.01342 0 0 1 0 
0.910205 0.414158 0 -16.9171 -0.414158 0.910205 0 -4.99102 0 0 1 0 
0.986966 -0.16093 0 -16.8179 0.16093 0.986966 0 -4.95865 0 0 1 0 
0.72446 -0.689316 0 -16.5662 0.689316 0.72446 0 -4.78627 0 0 1 0 
0.23175 -0.972775 0 -16.3724 0.972775 0.23175 0 -4.40399 0 0 1 0 
0.116704 -0.993167 0 -16.3215 0.993167 0.116704 0 -3.95637 0 0 1 0 
0.515 -0.85719 0 -16.1388 0.85719 0.515 0 -3.47941 0 0 1 0 
0.246504 -0.969142 0 -15.9476 0.969142 0.246504 0 -3.09434 0 0 1 0 
0.204298 -0.978909 0 -15.8961 0.978909 0.204298 0 -2.70581 0 0 1 0 
0.353243 -0.935531 0 -15.776 0.935531 0.353243 0 -2.2344 0 0 1 0 
0.195522 -0.980699 0 -15.6651 0.980699 0.195522 0 -1.81394 0 0 1 0 
0.113202 -0.993572 0 -15.542 0.993572 0.113202 0 -1.41279 0 0 1 0 
0.0908453 -0.995865 0 -15.529 0.995865 0.0908453 0 -0.979203 0 0 1 0 
0.49116 -0.871069 0 -15.395 0.871069 0.49116 0 -0.574564 0 0 1 0 
0.891649 -0.452727 0 -15.068 0.452727 0.891649 0 -0.327943 0 0 1 0 
0.99685 0.0793118 0 -14.6489 -0.0793118 0.99685 0 -0.231011 0 0 1 0 
0.95049 0.310755 0 -14.2164 -0.310755 0.95049 0 -0.364117 0 0 1 0 
0.999074 0.0430262 0 -13.7887 -0.0430262 0.999074 0 -0.44037 0 0 1 0 
0.978555 -0.205983 0 -13.3948 0.205983 0.978555 0 -0.362177 0 0 1 0 
0.979992 -0.199039 0 -12.9816 0.199039 0.979992 0 -0.275165 0 0 1 0 
0.978229 -0.207527 0 -12.4506 0.207527 0.978229 0 -0.183628 0 0 1 0 
0.998026 -0.062796 0 -12.0193 0.062796 0.998026 0 -0.106373 0 0 1 0 
0.922531 0.385924 0 -11.6008 -0.385924 0.922531 0 -0.161818 0 0 1 0 
0.652733 0.757588 0 -11.2512 -0.757588 0.652733 0 -0.413879 0 0 1 0 
0.301616 0.953429 0 -11.0216 -0.953429 0.301616 0 -0.807411 0 0 1 0 
0.0693902 0.99759 0 -10.9034 -0.99759 0.0693902 0 -1.25208 0 0 1 0 
-0.500325 0.865838 0 -11.0106 -0.865838 -0.500325 0 -1.64658 0 0 1 0 
-0.87137 0.490626 0 -11.3148 -0.490626 -0.87137 0 -1.92968 0 0 1 0 
-0.999999 0.00114583 0 -11.7143 -0.00114583 -0.999999 0 -2.0489 0 0 1 0 
-0.98245 -0.186526 0 -12.1476 0.186526 -0.98245 0 -2.00484 0 0 1 0 
-0.995717 0.0924545 0 -12.2113 -0.0924545 -0.995717 0 -2.02967 0 0 1 0 
-0.993463 0.114155 0 -12.7206 -0.114155 -0.993463 0 -2.12287 0 0 1 0 
-0.961819 0.273687 0 -13.249 -0.273687 -0.961819 0 -2.18427 0 0 1 0 
-0.794203 0.607653 0 -12.9525 -0.607653 -0.794203 0 -2.10292 0 0 1 0 
-0.350427 0.93659 0 -12.9476 -0.93659 -0.350427 0 -2.07376 0 0 1 0 
-0.52936 0.848397 0 -13.1368 -0.848397 -0.52936 0 -2.23729 0 0 1 0 
0.0262565 0.999655 0 -13.0966 -0.999655 0.0262565 0 -2.24035 0 0 1 0 
0.591847 0.80605 0 -13.0659 -0.80605 0.591847 0 -2.27721 0 0 1 0 
0.749338 0.662188 0 -12.728 -0.662188 0.749338 0 -2.59333 0 0 1 0 
0.19079 0.981631 0 -12.4611 -0.981631 0.19079 0 -3.04586 0 0 1 0 
-0.0740796 0.997252 0 -12.4678 -0.997252 -0.0740796 0 -3.4852 0 0 1 0 
-0.181285 0.983431 0 -12.5518 -0.983431 -0.181285 0 -3.91047 0 0 1 0 
-0.213027 0.977046 0 -12.6306 -0.977046 -0.213027 0 -4.25572 0 0 1 0 
0.255414 0.966832 0 -12.6283 -0.966832 0.255414 0 -4.4674 0 0 1 0 
0.712519 0.701653 0 -12.4681 -0.701653 0.712519 0 -4.68442 0 0 1 0 
0.829297 0.558808 0 -12.1098 -0.558808 0.829297 0 -4.92397 0 0 1 0 
0.467148 0.884179 0 -11.7825 -0.884179 0.467148 0 -5.25403 0 0 1 0 
0.555984 0.831193 0 -11.8999 -0.831193 0.555984 0 -5.05688 0 0 1 0 
0.913552 0.406722 0 -12.0286 -0.406722 0.913552 0 -4.85682 0 0 1 0 
0.98459 -0.174877 0 -11.6368 0.174877 0.98459 0 -4.84529 0 0 1 0 
0.755909 -0.654677 0 -11.6122 0.654677 0.755909 0 -4.7691 0 0 1 0 
0.2323 -0.972644 0 -11.5485 0.972644 0.2323 0 -4.59435 0 0 1 0 
0.241064 -0.970509 0 -11.4443 0.970509 0.241064 0 -4.15958 0 0 1 0 
0.306744 -0.951792 0 -11.3293 0.951792 0.306744 0 -3.75549 0 0 1 0 
-0.0181018 -0.999836 0 -11.256 0.999836 -0.0181018 0 -3.30922 0 0 1 0 
-0.0489124 -0.998803 0 -11.2871 0.998803 -0.0489124 0 -2.80728 0 0 1 0 
0.323848 -0.946109 0 -11.2288 0.946109 0.323848 0 -2.37046 0 0 1 0 
0.283062 -0.959101 0 -11.0872 0.959101 0.283062 0 -1.95311 0 0 1 0 
0.0824771 -0.996593 0 -11.0607 0.996593 0.0824771 0 -1.5478 0 0 1 0 
0.0591579 -0.998249 0 -11.0326 0.998249 0.0591579 0 -1.10332 0 0 1 0 
0.0547383 -0.998501 0 -10.9864 0.998501 0.0547383 0 -0.681821 0 0 1 0 
-0.378513 -0.925596 0 -11.0525 0.925596 -0.378513 0 -0.282947 0 0 1 0 
-0.829925 -0.557875 0 -11.3155 0.557875 -0.829925 0 0.0553493 0 0 1 0 
-0.999987 0.00518501 0 -11.7369 -0.00518501 -0.999987 0 0.166037 0 0 1 0 
-0.998015 0.0629705 0 -12.1603 -0.0629705 -0.998015 0 0.0836265 0 0 1 0 
-0.995838 -0.0911447 0 -12.4815 0.0911447 -0.995838 0 0.105179 0 0 1 0 
-0.995158 -0.098291 0 -12.4741 0.098291 -0.995158 0 0.108044 0 0 1 0 
-0.953562 0.301196 0 -12.6893 -0.301196 -0.953562 0 0.0616849 0 0 1 0 
-0.630024 0.776575 0 -12.7452 -0.776575 -0.630024 0 0.0372483 0 0 1 0 
-0.098036 0.995183 0 -12.7378 -0.995183 -0.098036 0 0.00880548 0 0 1 0 
0.495074 0.868851 0 -12.6877 -0.868851 0.495074 0 -0.15096 0 0 1 0 
0.901934 0.431873 0 -12.4255 -0.431873 0.901934 0 -0.31559 0 0 1 0 
0.996039 -0.0889172 0 -12.0127 0.0889172 0.996039 0 -0.375695 0 0 1 0 
0.98087 -0.194662 0 -11.5672 0.194662 0.98087 0 -0.275386 0 0 1 0 
0.992253 -0.124237 0 -11.1634 0.124237 0.992253 0 -0.205023 0 0 1 0 
0.994771 -0.102132 0 -10.6286 0.102132 0.994771 0 -0.147703 0 0 1 0 
0.995502 -0.0947385 0 -10.1811 0.0947385 0.995502 0 -0.0867193 0 0 1 0 
0.980723 -0.195401 0 -9.76616 0.195401 0.980723 0 -0.0529201 0 0 1 0 
0.74439 -0.667745 0 -9.37176 0.667745 0.74439 0 0.17801 0 0 1 0 
0.518435 -0.855117 0 -9.08265 0.855117 0.518435 0 0.491707 0 0 1 0 
0.645008 -0.764176 0 -8.8653 0.764176 0.645008 0 0.857816 0 0 1 0 
0.59779 -0.801653 0 -8.61537 0.801653 0.59779 0 1.1914 0 0 1 0 
0.342709 -0.939442 0 -8.38784 0.939442 0.342709 0 1.57164 0 0 1 0 
0.468585 -0.883419 0 -8.2516 0.883419 0.468585 0 1.95982 0 0 1 0 
0.117772 -0.993041 0 -8.10573 0.993041 0.117772 0 2.38799 0 0 1 0 
0.0582364 -0.998303 0 -8.0862 0.998303 0.0582364 0 2.78375 0 0 1 0 
0.190404 -0.981706 0 -8.02443 0.981706 0.190404 0 3.26417 0 0 1 0 
0.403918 -0.914795 0 -7.91849 0.914795 0.403918 0 3.63227 0 0 1 0 
0.666714 -0.745313 0 -7.61854 0.745313 0.666714 0 4.06916 0 0 1 0 
0.730781 -0.682612 0 -7.29623 0.682612 0.730781 0 4.36495 0 0 1 0 
0.281965 -0.959425 0 -7.09989 0.959425 0.281965 0 4.74027 0 0 1 0 
-0.101661 -0.994819 0 -7.03189 0.994819 -0.101661 0 4.93597 0 0 1 0 
-0.559381 -0.828911 0 -6.95874 0.828911 -0.559381 0 4.56335 0 0 1 0 
-0.924089 -0.382176 0 -7.11646 0.382176 -0.924089 0 4.68688 0 0 1 0 
-0.978296 0.207214 0 -7.55968 -0.207214 -0.978296 0 4.71771 0 0 1 0 
-0.692666 0.721259 0 -7.93061 -0.721259 -0.692666 0 4.5173 0 0 1 0 
-0.314634 0.949213 0 -8.04602 -0.949213 -0.314634 0 4.22452 0 0 1 0 
-0.153008 0.988225 0 -8.11039 -0.988225 -0.153008 0 3.80393 0 0 1 0 
-0.340773 0.940146 0 -8.23673 -0.940146 -0.340773 0 3.38708 0 0 1 0 
0.0238985 0.999714 0 -8.3474 -0.999714 0.0238985 0 2.97814 0 0 1 0 
-0.189512 0.981878 0 -8.36552 -0.981878 -0.189512 0 2.54871 0 0 1 0 
-0.13103 0.991378 0 -8.45614 -0.991378 -0.13103 0 2.09567 0 0 1 0 
0.114143 0.993464 0 -8.44799 -0.993464 0.114143 0 1.68342 0 0 1 0 
0.0994359 0.995044 0 -8.41828 -0.995044 0.0994359 0 1.26651 0 0 1 0 
0.0877968 0.996138 0 -8.38763 -0.996138 0.0877968 0 0.835189 0 0 1 0 
0.516619 0.856216 0 -8.22824 -0.856216 0.516619 0 0.450581 0 0 1 0 
0.861559 0.507657 0 -7.93555 -0.507657 0.861559 0 0.142737 0 0 1 0 
0.922191 0.386736 0 -7.9173 -0.386736 0.922191 0 0.144362 0 0 1 0 
0.908775 0.417286 0 -7.55024 -0.417286 0.908775 0 -0.0208893 0 0 1 0 
0.991595 0.129378 0 -7.12435 -0.129378 0.991595 0 -0.160095 0 0 1 0 
0.997477 0.0709889 0 -6.69781 -0.0709889 0.997477 0 -0.186641 0 0 1 0 
0.999704 -0.0243374 0 -6.27221 0.0243374 0.999704 0 -0.246358 0 0 1 0 
0.999675 -0.0255034 0 -5.82365 0.0255034 0.999675 0 -0.251117 0 0 1 0 
0.999972 -0.00743928 0 -5.40865 0.00743928 0.999972 0 -0.243355 0 0 1 0 
0.999961 0.00883975 0 -4.85987 -0.00883975 0.999961 0 -0.243505 0 0 1 0 
0.9999 -0.0141101 0 -4.42474 0.0141101 0.9999 0 -0.269667 0 0 1 0 
0.999029 -0.0440559 0 -3.98679 0.0440559 0.999029 0 -0.253656 0 0 1 0 
0.999952 0.00976345 0 -3.57314 -0.00976345 0.999952 0 -0.19574 0 0 1 0 
0.999285 -0.0377996 0 -3.11941 0.0377996 0.999285 0 -0.23532 0 0 1 0 
0.999979 0.00640619 0 -2.6767 -0.00640619 0.999979 0 -0.214843 0 0 1 0 
0.999724 0.0235044 0 -2.28157 -0.0235044 0.999724 0 -0.18309 0 0 1 0 
0.986209 -0.165503 0 -1.83888 0.165503 0.986209 0 -0.183815 0 0 1 0 
0.730169 -0.683266 0 -1.46809 0.683266 0.730169 0 0.0036632 0 0 1 0 
0.247836 -0.968802 0 -1.23341 0.968802 0.247836 0 0.372159 0 0 1 0 
0.0612243 -0.998124 0 -1.16643 0.998124 0.0612243 0 0.901568 0 0 1 0 
-0.133715 -0.99102 0 -1.15211 0.99102 -0.133715 0 1.30049 0 0 1 0 
-0.0904921 -0.995897 0 -1.26863 0.995897 -0.0904921 0 1.76541 0 0 1 0 
0.0930839 -0.995658 0 -1.22543 0.995658 0.0930839 0 2.20303 0 0 1 0 
-0.162672 -0.98668 0 -1.25686 0.98668 -0.162672 0 2.63722 0 0 1 0 
-0.221964 -0.975055 0 -1.35747 0.975055 -0.221964 0 3.04751 0 0 1 0 
-0.182246 -0.983253 0 -1.43812 0.983253 -0.182246 0 3.46576 0 0 1 0 
-0.080004 -0.996795 0 -1.51521 0.996795 -0.080004 0 3.96851 0 0 1 0 
-0.0159953 -0.999872 0 -1.54926 0.999872 -0.0159953 0 4.31407 0 0 1 0 
0.958401 -0.285426 0 -1.52227 0.285426 0.958401 0 4.19626 0 0 1 0 
0.074805 0.997198 0 -1.39834 -0.997198 0.074805 0 3.86383 0 0 1 0 
0.136325 0.990664 0 -1.38031 -0.990664 0.136325 0 3.41582 0 0 1 0 
0.650621 0.759402 0 -1.17859 -0.759402 0.650621 0 3.05063 0 0 1 0 
0.964948 0.262442 0 -0.79886 -0.262442 0.964948 0 2.83502 0 0 1 0 
0.999474 0.0324289 0 -0.392864 -0.0324289 0.999474 0 2.74291 0 0 1 0 
0.957514 -0.288385 0 0.122951 0.288385 0.957514 0 2.86918 0 0 1 0 
0.953037 -0.302853 0 0.565613 0.302853 0.953037 0 2.98824 0 0 1 0 
0.772561 -0.634941 0 0.943471 0.634941 0.772561 0 3.20191 0 0 1 0 
0.290188 -0.95697 0 1.11348 0.95697 0.290188 0 3.56099 0 0 1 0 
0.123106 -0.992393 0 1.2306 0.992393 0.123106 0 4.03655 0 0 1 0 
0.397443 -0.917627 0 1.30561 0.917627 0.397443 0 4.35902 0 0 1 0 
0.161909 -0.986806 0 1.33596 0.986806 0.161909 0 4.56492 0 0 1 0 
0.492168 -0.8705 0 1.32559 0.8705 0.492168 0 4.60667 0 0 1 0 
0.994152 0.107993 0 1.40993 -0.107993 0.994152 0 4.60838 0 0 1 0 
-0.0293576 0.999569 0 1.4357 -0.999569 -0.0293576 0 4.24806 0 0 1 0 
-0.429171 0.903223 0 1.3122 -0.903223 -0.429171 0 3.72181 0 0 1 0 
-0.461701 0.887036 0 1.09326 -0.887036 -0.461701 0 3.34615 0 0 1 0 
-0.66104 0.75035 0 0.79978 -0.75035 -0.66104 0 2.86757 0 0 1 0 
-0.960729 0.27749 0 0.423403 -0.27749 -0.960729 0 2.68711 0 0 1 0 
-0.999575 0.029142 0 -0.012297 -0.029142 -0.999575 0 2.64635 0 0 1 0 
-0.999791 0.0204491 0 -0.440798 -0.0204491 -0.999791 0 2.60408 0 0 1 0 
-0.995422 -0.0955818 0 -0.837206 0.0955818 -0.995422 0 2.63023 0 0 1 0 
-0.972254 -0.233926 0 -1.25657 0.233926 -0.972254 0 2.70385 0 0 1 0 
-0.987608 -0.156941 0 -1.6948 0.156941 -0.987608 0 2.77924 0 0 1 0 
-0.999782 -0.0208758 0 -2.13659 0.0208758 -0.999782 0 2.82575 0 0 1 0 
-0.999701 -0.0244531 0 -2.57504 0.0244531 -0.999701 0 2.83961 0 0 1 0 
-0.994429 -0.105407 0 -3.01451 0.105407 -0.994429 0 2.87506 0 0 1 0 
-0.981104 -0.193482 0 -3.42737 0.193482 -0.981104 0 2.9577 0 0 1 0 
-0.978458 -0.206446 0 -3.86661 0.206446 -0.978458 0 3.04358 0 0 1 0 
-0.996148 0.0876822 0 -4.29368 -0.0876822 -0.996148 0 3.06027 0 0 1 0 
-0.90449 0.426495 0 -4.67896 -0.426495 -0.90449 0 2.92323 0 0 1 0 
-0.860768 0.508997 0 -5.06453 -0.508997 -0.860768 0 2.70981 0 0 1 0 
-0.596064 0.802937 0 -5.37869 -0.802937 -0.596064 0 2.43319 0 0 1 0 
-0.437245 0.899342 0 -5.57169 -0.899342 -0.437245 0 2.04764 0 0 1 0 
-0.26916 0.963095 0 -5.75342 -0.963095 -0.26916 0 1.66208 0 0 1 0 
0.0979957 0.995187 0 -5.76849 -0.995187 0.0979957 0 1.24639 0 0 1 0 
0.399085 0.916914 0 -5.64365 -0.916914 0.399085 0 0.840045 0 0 1 0 
0.732184 0.681107 0 -5.3783 -0.681107 0.732184 0 0.488389 0 0 1 0 
0.941939 0.335785 0 -5.0262 -0.335785 0.941939 0 0.279068 0 0 1 0 
0.999286 0.0377813 0 -4.61091 -0.0377813 0.999286 0 0.213136 0 0 1 0 
0.999998 -0.002181 0 -4.18716 0.002181 0.999998 0 0.192234 0 0 1 0 
0.999246 -0.0388139 0 -3.75683 0.0388139 0.999246 0 0.211901 0 0 1 0 
0.996841 -0.0794183 0 -3.33189 0.0794183 0.996841 0 0.199963 0 0 1 0 
0.997308 -0.073331 0 -2.9099 0.073331 0.997308 0 0.25454 0 0 1 0 
0.996097 -0.0882629 0 -2.44371 0.0882629 0.996097 0 0.282144 0 0 1 0 
0.959255 -0.282541 0 -2.01905 0.282541 0.959255 0 0.329324 0 0 1 0 
0.751787 -0.659406 0 -1.54629 0.659406 0.751787 0 0.613947 0 0 1 0 
0.426798 -0.904347 0 -1.26971 0.904347 0.426798 0 0.937382 0 0 1 0 
-0.0119423 -0.999929 0 -1.18064 0.999929 -0.0119423 0 1.45813 0 0 1 0 
-0.119972 -0.992777 0 -1.23574 0.992777 -0.119972 0 1.89775 0 0 1 0 
-0.310142 -0.95069 0 -1.3306 0.95069 -0.310142 0 2.3469 0 0 1 0 
-0.780298 -0.625408 0 -1.61105 0.625408 -0.780298 0 2.66798 0 0 1 0 
-0.996844 -0.0793854 0 -2.00166 0.0793854 -0.996844 0 2.81414 0 0 1 0 
-0.99998 0.00632882 0 -2.42352 -0.00632882 -0.99998 0 2.83345 0 0 1 0 
-0.813604 -0.58142 0 -2.75785 0.58142 -0.813604 0 2.90206 0 0 1 0 
-0.487535 -0.873103 0 -3.03327 0.873103 -0.487535 0 3.26338 0 0 1 0 
0.0470382 -0.998893 0 -3.11736 0.998893 0.0470382 0 3.69078 0 0 1 0 
0.224108 -0.974564 0 -3.02325 0.974564 0.224108 0 4.08427 0 0 1 0 
0.125106 -0.992143 0 -2.92556 0.992143 0.125106 0 4.51154 0 0 1 0 
0.0599174 -0.998203 0 -2.89994 0.998203 0.0599174 0 4.79612 0 0 1 0 
-0.124488 -0.992221 0 -2.8768 0.992221 -0.124488 0 4.53104 0 0 1 0 
-0.57424 -0.818687 0 -2.94482 0.818687 -0.57424 0 4.60517 0 0 1 0 
-0.933363 -0.358934 0 -2.98293 0.358934 -0.933363 0 4.58578 0 0 1 0 
-0.998877 0.0473796 0 -3.20951 -0.0473796 -0.998877 0 4.62043 0 0 1 0 
-0.96527 -0.261255 0 -3.41766 0.261255 -0.96527 0 4.74589 0 0 1 0 
-0.940376 -0.340136 0 -3.86033 0.340136 -0.940376 0 4.87503 0 0 1 0 
-0.781314 -0.624138 0 -4.22869 0.624138 -0.781314 0 5.06935 0 0 1 0 
-0.565735 -0.824587 0 -4.40691 0.824587 -0.565735 0 5.31278 0 0 1 0 
-0.760328 -0.64954 0 -4.60111 0.64954 -0.760328 0 5.58565 0 0 1 0 
-0.970413 -0.241449 0 -4.90448 0.241449 -0.970413 0 5.69885 0 0 1 0 
-0.949171 0.314761 0 -5.27645 -0.314761 -0.949171 0 5.67616 0 0 1 0 
-0.666972 0.745083 0 -5.3583 -0.745083 -0.666972 0 5.55832 0 0 1 0 
-0.142017 0.989864 0 -5.52675 -0.989864 -0.142017 0 5.15283 0 0 1 0 
0.280538 0.959843 0 -5.49893 -0.959843 0.280538 0 4.92508 0 0 1 0 
0.220091 0.975479 0 -5.37977 -0.975479 0.220091 0 4.46695 0 0 1 0 
0.17041 0.985373 0 -5.30325 -0.985373 0.17041 0 4.0468 0 0 1 0 
0.169757 0.985486 0 -5.2492 -0.985486 0.169757 0 3.62775 0 0 1 0 
0.61922 0.785217 0 -5.11105 -0.785217 0.61922 0 3.28373 0 0 1 0 
0.673624 0.739074 0 -4.84376 -0.739074 0.673624 0 3.04581 0 0 1 0 
-0.208723 0.977975 0 -4.93103 -0.977975 -0.208723 0 2.53943 0 0 1 0 
-0.44291 0.896566 0 -5.14348 -0.896566 -0.44291 0 2.07024 0 0 1 0 
-0.454401 0.890797 0 -5.31833 -0.890797 -0.454401 0 1.67246 0 0 1 0 
-0.457605 0.889156 0 -5.52606 -0.889156 -0.457605 0 1.28803 0 0 1 0 
-0.420063 0.907495 0 -5.73547 -0.907495 -0.420063 0 0.908116 0 0 1 0 
0.175376 0.984501 0 -5.77108 -0.984501 0.175376 0 0.73825 0 0 1 0 
0.695718 0.718315 0 -5.56463 -0.718315 0.695718 0 0.351762 0 0 1 0 
0.967276 0.253728 0 -5.19488 -0.253728 0.967276 0 0.149483 0 0 1 0 
0.972104 0.23455 0 -4.75885 -0.23455 0.972104 0 0.0538373 0 0 1 0 
0.996948 0.0780656 0 -4.33929 -0.0780656 0.996948 0 -0.0044484 0 0 1 0 
0.999917 -0.0128458 0 -3.90978 0.0128458 0.999917 0 -0.00396417 0 0 1 0 
0.996509 -0.0834825 0 -3.4726 0.0834825 0.996509 0 0.00882418 0 0 1 0 
0.992745 -0.12024 0 -3.04001 0.12024 0.992745 0 0.0770387 0 0 1 0 
0.997114 -0.0759172 0 -2.60975 0.0759172 0.997114 0 0.103512 0 0 1 0 
0.932419 -0.361379 0 -2.19963 0.361379 0.932419 0 0.195037 0 0 1 0 
0.987618 -0.156878 0 -1.80229 0.156878 0.987618 0 0.330785 0 0 1 0 
0.996194 0.0871645 0 -1.35722 -0.0871645 0.996194 0 0.342496 0 0 1 0 
0.963324 0.268341 0 -0.926771 -0.268341 0.963324 0 0.271296 0 0 1 0 
0.879301 0.476266 0 -0.510538 -0.476266 0.879301 0 0.095989 0 0 1 0 
0.754945 0.655788 0 -0.18581 -0.655788 0.754945 0 -0.169319 0 0 1 0 
0.52776 0.849394 0 0.173868 -0.849394 0.52776 0 -0.53694 0 0 1 0 
0.299878 0.953978 0 0.342641 -0.953978 0.299878 0 -0.963356 0 0 1 0 
0.00246571 0.999997 0 0.358764 -0.999997 0.00246571 0 -1.39566 0 0 1 0 
-0.00107189 0.999999 0 0.370092 -0.999999 -0.00107189 0 -1.81309 0 0 1 0 
-0.0153599 0.999882 0 0.370922 -0.999882 -0.0153599 0 -2.22526 0 0 1 0 
-0.0177627 0.999842 0 0.342253 -0.999842 -0.0177627 0 -2.66756 0 0 1 0 
-0.0173101 0.99985 0 0.353735 -0.99985 -0.0173101 0 -3.11595 0 0 1 0 
0.0164824 0.999864 0 0.33383 -0.999864 0.0164824 0 -3.65864 0 0 1 0 
0.349106 0.937083 0 0.374847 -0.937083 0.349106 0 -4.06621 0 0 1 0 
0.322885 0.946438 0 0.494246 -0.946438 0.322885 0 -4.25796 0 0 1 0 
