1 -5.97418e-07 0 6.11852e-09 5.97418e-07 1 0 2.69082e-08 0 0 1 0 
0.999953 0.00966547 0 1.03128 -0.00966547 0.999953 0 -0.0036083 0 0 1 0 
0.999865 0.0164164 0 2.03953 -0.0164164 0.999865 0 -0.0144367 0 0 1 0 
0.999662 0.0259875 0 3.04805 -0.0259875 0.999662 0 -0.0344813 0 0 1 0 
0.999418 0.0341211 0 4.05625 -0.0341211 0.999418 0 -0.0616267 0 0 1 0 
0.999918 -0.0128441 0 5.06257 0.0128441 0.999918 0 -0.0688006 0 0 1 0 
0.999989 -0.00469551 0 6.07043 0.00469551 0.999989 0 -0.0583894 0 0 1 0 
0.999994 0.00344894 0 7.07795 -0.00344894 0.999994 0 -0.0550335 0 0 1 0 
0.999933 0.0116011 0 8.08576 -0.0116011 0.999933 0 -0.0608893 0 0 1 0 
0.999805 0.0197454 0 9.09389 -0.0197454 0.999805 0 -0.0745475 0 0 1 0 
0.999604 0.0281482 0 10.1335 -0.0281482 0.999604 0 -0.0975083 0 0 1 0 
0.999332 0.0365587 0 11.1747 -0.0365587 0.999332 0 -0.128312 0 0 1 0 
0.999061 -0.0433255 0 12.179 0.0433255 0.999061 0 -0.1347 0 0 1 0 
0.99939 -0.0349208 0 13.2181 0.0349208 0.99939 0 -0.0917778 0 0 1 0 
0.999641 -0.0267936 0 14.2243 0.0267936 0.999641 0 -0.0585885 0 0 1 0 
0.999826 -0.0186509 0 15.23 0.0186509 0.999826 0 -0.0338843 0 0 1 0 
0.999947 -0.0102613 0 16.2694 0.0102613 0.999947 0 -0.016436 0 0 1 0 
0.999998 -0.00213313 0 17.275 0.00213313 0.999998 0 -0.00801963 0 0 1 0 
0.999982 0.00600484 0 18.2817 -0.00600484 0.999982 0 -0.00809999 0 0 1 0 
0.999896 0.0144048 0 19.3204 -0.0144048 0.999896 0 -0.0168227 0 0 1 0 
0.999739 0.0228246 0 20.361 -0.0228246 0.999739 0 -0.033405 0 0 1 0 
0.999521 0.0309556 0 21.3665 -0.0309556 0.999521 0 -0.0589182 0 0 1 0 
0.999236 0.0390783 0 22.3715 -0.0390783 0.999236 0 -0.0915304 0 0 1 0 
0.998885 0.0472137 0 23.3762 -0.0472137 0.998885 0 -0.132342 0 0 1 0 
0.995484 -0.0949333 0 24.4101 0.0949333 0.995484 0 -0.0509331 0 0 1 0 
0.996224 -0.0868176 0 25.412 0.0868176 0.996224 0 0.0419264 0 0 1 0 
0.996899 -0.078694 0 26.415 0.078694 0.996899 0 0.127663 0 0 1 0 
0.997508 -0.0705593 0 27.419 0.0705593 0.997508 0 0.204826 0 0 1 0 
0.998049 -0.0624321 0 28.4219 0.0624321 0.998049 0 0.274062 0 0 1 0 
0.998524 -0.0543038 0 29.4272 0.0543038 0.998524 0 0.334858 0 0 1 0 
0.998933 -0.0461734 0 30.4315 0.0461734 0.998933 0 0.387927 0 0 1 0 
0.999287 -0.0377561 0 31.4708 0.0377561 0.999287 0 0.433639 0 0 1 0 
0.999562 -0.0296024 0 32.477 0.0296024 0.999562 0 0.469606 0 0 1 0 
0.99977 -0.0214622 0 33.4822 0.0214622 0.99977 0 0.497813 0 0 1 0 
0.999915 -0.0130452 0 34.5224 0.0130452 0.999915 0 0.517245 0 0 1 0 
0.999988 -0.00487839 0 35.5289 0.00487839 0.999988 0 0.52909 0 0 1 0 
0.984112 -0.177546 0 36.5623 0.177546 0.984112 0 0.56936 0 0 1 0 
0.968898 -0.247462 0 37.6194 0.247462 0.968898 0 0.8081 0 0 1 0 
0.969806 -0.243877 0 38.6187 0.243877 0.969806 0 1.03895 0 0 1 0 
0.97161 -0.236586 0 39.6034 0.236586 0.97161 0 1.33208 0 0 1 0 
0.973685 -0.227898 0 40.5946 0.227898 0.973685 0 1.58384 0 0 1 0 
0.97568 -0.219199 0 41.5882 0.219199 0.97568 0 1.82701 0 0 1 0 
0.977345 -0.211653 0 42.5975 0.211653 0.977345 0 2.10337 0 0 1 0 
0.978604 -0.205751 0 43.6364 0.205751 0.978604 0 2.30115 0 0 1 0 
0.976463 -0.215684 0 44.6706 0.215684 0.976463 0 2.41916 0 0 1 0 
0.981222 -0.192882 0 45.6943 0.192882 0.981222 0 2.59642 0 0 1 0 
0.982838 -0.184472 0 46.7263 0.184472 0.982838 0 2.78532 0 0 1 0 
0.984376 -0.176082 0 47.7199 0.176082 0.984376 0 2.96898 0 0 1 0 
0.985886 -0.167415 0 48.7487 0.167415 0.985886 0 3.14953 0 0 1 0 
0.98728 -0.158989 0 49.7457 0.158989 0.98728 0 3.31607 0 0 1 0 
0.991913 -0.126918 0 50.7436 0.126918 0.991913 0 3.47256 0 0 1 0 
0.998173 0.0604246 0 51.7929 -0.0604246 0.998173 0 3.46098 0 0 1 0 
0.997641 0.0686541 0 52.8059 -0.0686541 0.997641 0 3.41502 0 0 1 0 
0.99704 0.0768904 0 53.8184 -0.0768904 0.99704 0 3.36062 0 0 1 0 
0.996367 0.0851652 0 54.8305 -0.0851652 0.996367 0 3.29776 0 0 1 0 
0.999931 0.0117415 0 55.8762 -0.0117415 0.999931 0 3.29915 0 0 1 0 
0.999825 0.0186969 0 57.0603 -0.0186969 0.999825 0 3.267 0 0 1 0 
0.999587 0.028748 0 58.0775 -0.028748 0.999587 0 3.26548 0 0 1 0 
0.999236 0.0390791 0 59.1282 -0.0390791 0.999236 0 3.25244 0 0 1 0 
0.998793 0.0491243 0 60.1451 -0.0491243 0.998793 0 3.23039 0 0 1 0 
0.998504 0.0546865 0 61.1509 -0.0546865 0.998504 0 3.16712 0 0 1 0 
0.997893 0.0648829 0 62.1547 -0.0648829 0.997893 0 3.13864 0 0 1 0 
0.997161 0.0753037 0 63.1589 -0.0753037 0.997161 0 3.10233 0 0 1 0 
0.996317 0.0857447 0 64.1633 -0.0857447 0.996317 0 3.05538 0 0 1 0 
0.995364 0.0961802 0 65.1658 -0.0961802 0.995364 0 2.99865 0 0 1 0 
0.99735 -0.0727485 0 66.2209 0.0727485 0.99735 0 3.01933 0 0 1 0 
0.997777 -0.0666477 0 67.2322 0.0666477 0.997777 0 3.08247 0 0 1 0 
0.998182 -0.0602651 0 68.2771 0.0602651 0.998182 0 3.14259 0 0 1 0 
0.998699 -0.0509996 0 69.2852 0.0509996 0.998699 0 3.21509 0 0 1 0 
0.999198 -0.0400323 0 70.483 0.0400323 0.999198 0 3.28702 0 0 1 0 
0.999398 -0.0346818 0 71.4907 0.0346818 0.999398 0 3.30929 0 0 1 0 
0.999571 -0.0293027 0 72.4997 0.0293027 0.999571 0 3.32727 0 0 1 0 
0.999783 -0.0208114 0 73.5563 0.0208114 0.999783 0 3.3642 0 0 1 0 
0.99993 -0.0118701 0 74.7504 0.0118701 0.99993 0 3.39236 0 0 1 0 
0.999993 -0.00363771 0 75.799 0.00363771 0.999993 0 3.40984 0 0 1 0 
0.999984 0.00562641 0 76.8316 -0.00562641 0.999984 0 3.40329 0 0 1 0 
0.999896 0.014394 0 77.8325 -0.014394 0.999896 0 3.38697 0 0 1 0 
0.999764 0.0217391 0 78.8514 -0.0217391 0.999764 0 3.37614 0 0 1 0 
0.999577 0.0290994 0 79.8713 -0.0290994 0.999577 0 3.35817 0 0 1 0 
0.999317 0.0369398 0 80.8784 -0.0369398 0.999317 0 3.32311 0 0 1 0 
0.999027 0.0441025 0 82.0238 -0.0441025 0.999027 0 3.292 0 0 1 0 
0.998586 0.053165 0 83.048 -0.053165 0.998586 0 3.25895 0 0 1 0 
0.998062 0.0622312 0 84.0717 -0.0622312 0.998062 0 3.21601 0 0 1 0 
0.997402 0.0720374 0 85.0996 -0.0720374 0.997402 0 3.15659 0 0 1 0 
0.996836 0.0794852 0 86.0982 -0.0794852 0.996836 0 3.09219 0 0 1 0 
0.99609 0.0883481 0 87.1105 -0.0883481 0.99609 0 3.0321 0 0 1 0 
0.987737 0.156124 0 88.2972 -0.156124 0.987737 0 2.91974 0 0 1 0 
0.930144 0.367195 0 89.2839 -0.367195 0.930144 0 2.68105 0 0 1 0 
0.927227 0.374499 0 90.2241 -0.374499 0.927227 0 2.31507 0 0 1 0 
0.924207 0.381893 0 91.1619 -0.381893 0.924207 0 1.94564 0 0 1 0 
0.921694 0.387919 0 92.0959 -0.387919 0.921694 0 1.56863 0 0 1 0 
0.919087 0.394054 0 93.0344 -0.394054 0.919087 0 1.16589 0 0 1 0 
0.915535 0.402237 0 93.9895 -0.402237 0.915535 0 0.786416 0 0 1 0 
0.910844 0.41275 0 95.0973 -0.41275 0.910844 0 0.328096 0 0 1 0 
0.907248 0.420596 0 96.0477 -0.420596 0.907248 0 -0.0758846 0 0 1 0 
0.902993 0.429656 0 97.1467 -0.429656 0.902993 0 -0.554314 0 0 1 0 
0.899262 0.43741 0 98.0871 -0.43741 0.899262 0 -0.975529 0 0 1 0 
0.895501 0.445059 0 99.1759 -0.445059 0.895501 0 -1.47398 0 0 1 0 
0.890309 0.455357 0 100.26 -0.455357 0.890309 0 -1.9835 0 0 1 0 
0.886415 0.462891 0 101.337 -0.462891 0.886415 0 -2.50336 0 0 1 0 
0.744091 0.668078 0 102.222 -0.668078 0.744091 0 -3.02946 0 0 1 0 
0.736193 0.676772 0 103.145 -0.676772 0.736193 0 -3.82931 0 0 1 0 
0.729406 0.684081 0 104.037 -0.684081 0.729406 0 -4.617 0 0 1 0 
0.723572 0.690249 0 104.921 -0.690249 0.723572 0 -5.41272 0 0 1 0 
0.716633 0.69745 0 105.796 -0.69745 0.716633 0 -6.21722 0 0 1 0 
0.70962 0.704585 0 106.663 -0.704585 0.70962 0 -7.03051 0 0 1 0 
0.703527 0.710669 0 107.403 -0.710669 0.703527 0 -7.73925 0 0 1 0 
0.695293 0.718727 0 108.254 -0.718727 0.695293 0 -8.56871 0 0 1 0 
0.335858 0.941913 0 109.015 -0.941913 0.335858 0 -9.47389 0 0 1 0 
0.0578097 0.998328 0 109.122 -0.998328 0.0578097 0 -10.4857 0 0 1 0 
0.0477992 0.998857 0 109.192 -0.998857 0.0477992 0 -11.6585 0 0 1 0 
0.0391754 0.999232 0 109.242 -0.999232 0.0391754 0 -12.6719 0 0 1 0 
0.0291514 0.999575 0 109.289 -0.999575 0.0291514 0 -13.8479 0 0 1 0 
0.0191354 0.999817 0 109.325 -0.999817 0.0191354 0 -15.0233 0 0 1 0 
0.00909931 0.999959 0 109.347 -0.999959 0.00909931 0 -16.1996 0 0 1 0 
-0.000918081 1 0 109.358 -1 -0.000918081 0 -17.3759 0 0 1 0 
-0.0111546 0.999938 0 109.356 -0.999938 -0.0111546 0 -18.5354 0 0 1 0 
-0.0211673 0.999776 0 109.343 -0.999776 -0.0211673 0 -19.712 0 0 1 0 
-0.0311886 0.999514 0 109.317 -0.999514 -0.0311886 0 -20.888 0 0 1 0 
-0.0411959 0.999151 0 109.278 -0.999151 -0.0411959 0 -22.062 0 0 1 0 
-0.0514763 0.998674 0 109.226 -0.998674 -0.0514763 0 -23.2708 0 0 1 0 
-0.0614702 0.998109 0 109.164 -0.998109 -0.0614702 0 -24.4458 0 0 1 0 
-0.0714649 0.997443 0 109.088 -0.997443 -0.0714649 0 -25.6194 0 0 1 0 
-0.0814575 0.996677 0 109.002 -0.996677 -0.0814575 0 -26.7919 0 0 1 0 
-0.0900336 0.995939 0 108.917 -0.995939 -0.0900336 0 -27.8022 0 0 1 0 
0.264969 0.964257 0 108.915 -0.964257 0.264969 0 -28.9929 0 0 1 0 
0.242025 0.97027 0 109.229 -0.97027 0.242025 0 -30.164 0 0 1 0 
0.233633 0.972325 0 109.481 -0.972325 0.233633 0 -31.1487 0 0 1 0 
0.152074 0.988369 0 109.718 -0.988369 0.152074 0 -32.3027 0 0 1 0 
0.0441633 0.999024 0 109.795 -0.999024 0.0441633 0 -33.4788 0 0 1 0 
0.033879 0.999426 0 109.849 -0.999426 0.033879 0 -34.6877 0 0 1 0 
0.0238635 0.999715 0 109.889 -0.999715 0.0238635 0 -35.8626 0 0 1 0 
0.0138546 0.999904 0 109.917 -0.999904 0.0138546 0 -37.0392 0 0 1 0 
0.00383428 0.999993 0 109.934 -0.999993 0.00383428 0 -38.2159 0 0 1 0 
-0.00478619 0.999989 0 109.937 -0.999989 -0.00478619 0 -39.2297 0 0 1 0 
-0.0134072 0.99991 0 109.933 -0.99991 -0.0134072 0 -40.244 0 0 1 0 
-0.0234244 0.999726 0 109.916 -0.999726 -0.0234244 0 -41.4198 0 0 1 0 
-0.0334395 0.999441 0 109.887 -0.999441 -0.0334395 0 -42.5957 0 0 1 0 
-0.0434435 0.999056 0 109.846 -0.999056 -0.0434435 0 -43.7717 0 0 1 0 
-0.0520482 0.998645 0 109.801 -0.998645 -0.0520482 0 -44.784 0 0 1 0 
0.091396 0.995815 0 109.761 -0.995815 0.091396 0 -45.7944 0 0 1 0 
0.0873724 0.996176 0 109.878 -0.996176 0.0873724 0 -46.9646 0 0 1 0 
0.0773945 0.997001 0 109.983 -0.997001 0.0773945 0 -48.1363 0 0 1 0 
0.0674001 0.997726 0 110.077 -0.997726 0.0674001 0 -49.3088 0 0 1 0 
0.057409 0.998351 0 110.157 -0.998351 0.057409 0 -50.4815 0 0 1 0 
0.0474099 0.998876 0 110.226 -0.998876 0.0474099 0 -51.6564 0 0 1 0 
0.0374055 0.9993 0 110.283 -0.9993 0.0374055 0 -52.83 0 0 1 0 
0.0274044 0.999624 0 110.327 -0.999624 0.0274044 0 -54.0059 0 0 1 0 
-0.106269 0.994337 0 110.302 -0.994337 -0.106269 0 -55.182 0 0 1 0 
-0.0850457 0.996377 0 110.175 -0.996377 -0.0850457 0 -56.3503 0 0 1 0 
-0.051953 0.99865 0 110.128 -0.99865 -0.051953 0 -57.3611 0 0 1 0 
-0.0634359 0.997986 0 110.065 -0.997986 -0.0634359 0 -58.536 0 0 1 0 
-0.0734213 0.997301 0 109.988 -0.997301 -0.0734213 0 -59.7082 0 0 1 0 
-0.0801831 0.99678 0 109.898 -0.99678 -0.0801831 0 -60.7176 0 0 1 0 
-0.0899066 0.99595 0 109.796 -0.99595 -0.0899066 0 -61.7343 0 0 1 0 
0.0324884 0.999472 0 109.731 -0.999472 0.0324884 0 -62.8157 0 0 1 0 
0.02423 0.999706 0 109.743 -0.999706 0.02423 0 -63.835 0 0 1 0 
0.015967 0.999873 0 109.747 -0.999873 0.015967 0 -64.8553 0 0 1 0 
0.00809805 0.999967 0 109.77 -0.999967 0.00809805 0 -65.8971 0 0 1 0 
0.000220803 1 0 109.787 -1 0.000220803 0 -66.9399 0 0 1 0 
-0.00791468 0.999969 0 109.794 -0.999969 -0.00791468 0 -68.0156 0 0 1 0 
-0.015779 0.999876 0 109.793 -0.999876 -0.015779 0 -69.0576 0 0 1 0 
-0.023473 0.999724 0 109.775 -0.999724 -0.023473 0 -70.0981 0 0 1 0 
0.120508 0.992712 0 109.743 -0.992712 0.120508 0 -71.2023 0 0 1 0 
0.158955 0.987286 0 109.892 -0.987286 0.158955 0 -72.2261 0 0 1 0 
0.151686 0.988429 0 110.035 -0.988429 0.151686 0 -73.2524 0 0 1 0 
0.144411 0.989518 0 110.17 -0.989518 0.144411 0 -74.2783 0 0 1 0 
0.136908 0.990584 0 110.319 -0.990584 0.136908 0 -75.2978 0 0 1 0 
0.129334 0.991601 0 110.466 -0.991601 0.129334 0 -76.3165 0 0 1 0 
0.121754 0.99256 0 110.605 -0.99256 0.121754 0 -77.3355 0 0 1 0 
0.114166 0.993462 0 110.738 -0.993462 0.114166 0 -78.3556 0 0 1 0 
0.106571 0.994305 0 110.861 -0.994305 0.106571 0 -79.3767 0 0 1 0 
0.0975181 0.995234 0 110.993 -0.995234 0.0975181 0 -80.5907 0 0 1 0 
0.0899105 0.99595 0 111.094 -0.99595 0.0899105 0 -81.6087 0 0 1 0 
0.0811125 0.996705 0 111.202 -0.996705 0.0811125 0 -82.7911 0 0 1 0 
0.0722992 0.997383 0 111.301 -0.997383 0.0722992 0 -83.9746 0 0 1 0 
0.0628792 0.998021 0 111.381 -0.998021 0.0628792 0 -85.1713 0 0 1 0 
0.0549345 0.99849 0 111.438 -0.99849 0.0549345 0 -86.1715 0 0 1 0 
0.0469875 0.998895 0 111.488 -0.998895 0.0469875 0 -87.1721 0 0 1 0 
0.0390249 0.999238 0 111.53 -0.999238 0.0390249 0 -88.1729 0 0 1 0 
0.0309643 0.99952 0 111.563 -0.99952 0.0309643 0 -89.1805 0 0 1 0 
0.0222459 0.999753 0 111.585 -0.999753 0.0222459 0 -90.2427 0 0 1 0 
0.157624 0.987499 0 111.627 -0.987499 0.157624 0 -91.2996 0 0 1 0 
0.149221 0.988804 0 111.776 -0.988804 0.149221 0 -92.3183 0 0 1 0 
0.139367 0.990241 0 111.915 -0.990241 0.139367 0 -93.3388 0 0 1 0 
0.239999 0.970773 0 112.036 -0.970773 0.239999 0 -94.3675 0 0 1 0 
0.676777 0.736188 0 112.429 -0.736188 0.676777 0 -95.345 0 0 1 0 
0.715632 0.698477 0 113.22 -0.698477 0.715632 0 -96.2332 0 0 1 0 
0.796617 0.604484 0 114.121 -0.604484 0.796617 0 -96.9958 0 0 1 0 
0.976406 0.215941 0 115.112 -0.215941 0.976406 0 -97.4342 0 0 1 0 
0.979838 0.199796 0 116.298 -0.199796 0.979838 0 -97.6066 0 0 1 0 
0.980435 0.196843 0 117.484 -0.196843 0.980435 0 -97.7762 0 0 1 0 
0.991828 0.127582 0 118.671 -0.127582 0.991828 0 -97.9352 0 0 1 0 
0.999757 0.0220357 0 119.681 -0.0220357 0.999757 0 -97.9498 0 0 1 0 
0.99989 0.0148447 0 120.704 -0.0148447 0.99989 0 -97.9813 0 0 1 0 
0.999971 0.00766681 0 121.727 -0.00766681 0.999971 0 -98.0065 0 0 1 0 
0.98855 -0.150896 0 122.778 0.150896 0.98855 0 -97.9947 0 0 1 0 
0.9872 -0.159486 0 123.788 0.159486 0.9872 0 -97.8487 0 0 1 0 
0.972977 -0.230902 0 124.821 0.230902 0.972977 0 -97.8212 0 0 1 0 
0.93814 -0.346257 0 125.846 0.346257 0.93814 0 -97.782 0 0 1 0 
0.879668 -0.475589 0 127.018 0.475589 0.879668 0 -97.5814 0 0 1 0 
0.802979 -0.596007 0 128.097 0.596007 0.802979 0 -97.2093 0 0 1 0 
0.997362 -0.0725838 0 129.035 0.0725838 0.997362 0 -96.9727 0 0 1 0 
0.89818 0.439627 0 129.38 -0.439627 0.89818 0 -97.1309 0 0 1 0 
0.721937 0.691958 0 130.066 -0.691958 0.721937 0 -97.9667 0 0 1 0 
0.610719 0.791848 0 130.618 -0.791848 0.610719 0 -98.8972 0 0 1 0 
0.251552 0.967844 0 130.902 -0.967844 0.251552 0 -100 0 0 1 0 
0.102086 0.994776 0 130.934 -0.994776 0.102086 0 -101.187 0 0 1 0 
0.200105 0.979774 0 131.023 -0.979774 0.200105 0 -102.231 0 0 1 0 
0.189098 0.981958 0 131.178 -0.981958 0.189098 0 -103.265 0 0 1 0 
0.178368 0.983964 0 131.315 -0.983964 0.178368 0 -104.27 0 0 1 0 
0.167579 0.985859 0 131.441 -0.985859 0.167579 0 -105.277 0 0 1 0 
0.0663134 0.997799 0 131.556 -0.997799 0.0663134 0 -106.316 0 0 1 0 
0.0725487 0.997365 0 131.609 -0.997365 0.0725487 0 -107.507 0 0 1 0 
0.0786906 0.996899 0 131.67 -0.996899 0.0786906 0 -108.697 0 0 1 0 
0.084921 0.996388 0 131.743 -0.996388 0.084921 0 -109.886 0 0 1 0 
0.0183431 0.999832 0 131.795 -0.999832 0.0183431 0 -110.912 0 0 1 0 
-0.0101351 0.999949 0 131.717 -0.999949 -0.0101351 0 -111.953 0 0 1 0 
0.143914 0.98959 0 131.652 -0.98959 0.143914 0 -113.055 0 0 1 0 
0.111338 0.993783 0 131.694 -0.993783 0.111338 0 -114.088 0 0 1 0 
0.068126 0.997677 0 131.701 -0.997677 0.068126 0 -115.123 0 0 1 0 
0.050648 0.998717 0 131.703 -0.998717 0.050648 0 -116.144 0 0 1 0 
0.0219164 0.99976 0 131.725 -0.99976 0.0219164 0 -117.335 0 0 1 0 
0.0125677 0.999921 0 131.731 -0.999921 0.0125677 0 -118.526 0 0 1 0 
0.00321682 0.999995 0 131.727 -0.999995 0.00321682 0 -119.718 0 0 1 0 
-0.00502237 0.999987 0 131.71 -0.999987 -0.00502237 0 -120.757 0 0 1 0 
0.00124815 0.999999 0 131.674 -0.999999 0.00124815 0 -121.811 0 0 1 0 
-0.00768386 0.99997 0 131.638 -0.99997 -0.00768386 0 -122.9 0 0 1 0 
-0.016324 0.999867 0 131.592 -0.999867 -0.016324 0 -123.954 0 0 1 0 
-0.0249967 0.999688 0 131.539 -0.999688 -0.0249967 0 -125.009 0 0 1 0 
-0.0320701 0.999486 0 131.527 -0.999486 -0.0320701 0 -126.099 0 0 1 0 
-0.391441 0.920203 0 131.362 -0.920203 -0.391441 0 -127.188 0 0 1 0 
-0.830624 0.556833 0 130.999 -0.556833 -0.830624 0 -127.713 0 0 1 0 
-0.995925 0.0901894 0 130.258 -0.0901894 -0.995925 0 -127.993 0 0 1 0 
-0.99655 0.0829886 0 129.115 -0.0829886 -0.99655 0 -128.228 0 0 1 0 
-0.997145 0.0755104 0 127.941 -0.0755104 -0.997145 0 -128.399 0 0 1 0 
-0.997615 0.0690267 0 126.939 -0.0690267 -0.997615 0 -128.49 0 0 1 0 
-0.998059 0.0622715 0 125.904 -0.0622715 -0.998059 0 -128.576 0 0 1 0 
-0.998442 0.0557906 0 124.901 -0.0557906 -0.998442 0 -128.654 0 0 1 0 
-0.998784 0.0493092 0 123.898 -0.0493092 -0.998784 0 -128.724 0 0 1 0 
-0.999132 0.0416577 0 122.875 -0.0416577 -0.999132 0 -128.764 0 0 1 0 
-0.999471 0.0325339 0 121.691 -0.0325339 -0.999471 0 -128.792 0 0 1 0 
-0.999726 0.0234094 0 120.507 -0.0234094 -0.999726 0 -128.809 0 0 1 0 
-0.999898 0.0142735 0 119.322 -0.0142735 -0.999898 0 -128.815 0 0 1 0 
-0.99998 0.00626418 0 118.277 -0.00626418 -0.99998 0 -128.798 0 0 1 0 
-0.999999 -0.00159534 0 117.247 0.00159534 -0.999999 0 -128.765 0 0 1 0 
-0.99995 -0.00999594 0 116.149 0.00999594 -0.99995 0 -128.723 0 0 1 0 
-0.999841 -0.0178444 0 115.118 0.0178444 -0.999841 0 -128.673 0 0 1 0 
-0.998668 0.0516058 0 114.056 -0.0516058 -0.998668 0 -128.655 0 0 1 0 
-0.999088 0.0427056 0 112.866 -0.0427056 -0.999088 0 -128.716 0 0 1 0 
-0.999429 0.0338006 0 111.674 -0.0338006 -0.999429 0 -128.766 0 0 1 0 
-0.99969 0.0248946 0 110.483 -0.0248946 -0.99969 0 -128.805 0 0 1 0 
-0.999872 0.0159872 0 109.289 -0.0159872 -0.999872 0 -128.832 0 0 1 0 
-0.999972 0.00743656 0 108.232 -0.00743656 -0.999972 0 -128.849 0 0 1 0 
-0.999999 -0.0011221 0 107.174 0.0011221 -0.999999 0 -128.855 0 0 1 0 
-0.999953 -0.00967084 0 106.116 0.00967084 -0.999953 0 -128.855 0 0 1 0 
-0.999834 -0.0182307 0 105.059 0.0182307 -0.999834 0 -128.844 0 0 1 0 
-0.999638 -0.0268883 0 103.991 0.0268883 -0.999638 0 -128.831 0 0 1 0 
-0.999328 -0.0366638 0 102.793 0.0366638 -0.999328 0 -128.817 0 0 1 0 
-0.998922 -0.0464305 0 101.595 0.0464305 -0.998922 0 -128.791 0 0 1 0 
-0.998496 -0.0548193 0 100.564 0.0548193 -0.998496 0 -128.758 0 0 1 0 
-0.919161 -0.393883 0 99.434 0.393883 -0.919161 0 -128.381 0 0 1 0 
-0.915281 -0.402815 0 98.3397 0.402815 -0.915281 0 -127.891 0 0 1 0 
-0.911874 -0.410471 0 97.4005 0.410471 -0.911874 0 -127.461 0 0 1 0 
-0.908402 -0.418099 0 96.4666 0.418099 -0.908402 0 -127.023 0 0 1 0 
-0.904291 -0.426917 0 95.385 0.426917 -0.904291 0 -126.505 0 0 1 0 
-0.900812 -0.43421 0 94.4556 0.43421 -0.900812 0 -126.047 0 0 1 0 
-0.897274 -0.441474 0 93.5211 0.441474 -0.897274 0 -125.577 0 0 1 0 
-0.893683 -0.4487 0 92.5912 0.4487 -0.893683 0 -125.1 0 0 1 0 
-0.890033 -0.455896 0 91.6642 0.455896 -0.890033 0 -124.617 0 0 1 0 
-0.8862 -0.463303 0 90.7172 0.463303 -0.8862 0 -124.113 0 0 1 0 
-0.882438 -0.470429 0 89.8292 0.470429 -0.882438 0 -123.628 0 0 1 0 
-0.878622 -0.477519 0 88.9442 0.477519 -0.878622 0 -123.135 0 0 1 0 
-0.874745 -0.484584 0 88.0635 0.484584 -0.874745 0 -122.635 0 0 1 0 
-0.870809 -0.491621 0 87.1871 0.491621 -0.870809 0 -122.129 0 0 1 0 
-0.91385 -0.406051 0 86.2991 0.406051 -0.91385 0 -121.595 0 0 1 0 
-0.994477 -0.104952 0 85.3006 0.104952 -0.994477 0 -121.37 0 0 1 0 
-0.99328 -0.115737 0 84.1259 0.115737 -0.99328 0 -121.174 0 0 1 0 
-0.992 -0.126239 0 82.9855 0.126239 -0.992 0 -120.968 0 0 1 0 
-0.989898 -0.141785 0 81.8352 0.141785 -0.989898 0 -120.767 0 0 1 0 
-0.984458 -0.175619 0 80.8313 0.175619 -0.984458 0 -120.648 0 0 1 0 
-0.977805 -0.209515 0 79.7994 0.209515 -0.977805 0 -120.488 0 0 1 0 
-0.970091 -0.24274 0 78.8093 0.24274 -0.970091 0 -120.297 0 0 1 0 
-0.961202 -0.275845 0 77.8284 0.275845 -0.961202 0 -120.072 0 0 1 0 
-0.987762 -0.155969 0 76.7529 0.155969 -0.987762 0 -119.906 0 0 1 0 
-0.990455 -0.137838 0 75.6899 0.137838 -0.990455 0 -119.791 0 0 1 0 
-0.992651 -0.121016 0 74.6582 0.121016 -0.992651 0 -119.698 0 0 1 0 
-0.994575 -0.104018 0 73.6239 0.104018 -0.994575 0 -119.627 0 0 1 0 
-0.996185 -0.0872657 0 72.5535 0.0872657 -0.996185 0 -119.57 0 0 1 0 
-0.995557 -0.0941565 0 71.5458 0.0941565 -0.995557 0 -119.484 0 0 1 0 
-0.994701 -0.102813 0 70.5052 0.102813 -0.994701 0 -119.388 0 0 1 0 
-0.993964 -0.109704 0 69.4984 0.109704 -0.993964 0 -119.288 0 0 1 0 
-0.996218 -0.0868895 0 68.4931 0.0868895 -0.996218 0 -119.182 0 0 1 0 
-0.999346 -0.0361542 0 67.4846 0.0361542 -0.999346 0 -119.151 0 0 1 0 
-0.998979 -0.045178 0 66.4849 0.045178 -0.998979 0 -119.1 0 0 1 0 
-0.999625 -0.0273708 0 65.4849 0.0273708 -0.999625 0 -119.041 0 0 1 0 
-0.999939 0.0110495 0 64.4503 -0.0110495 -0.999939 0 -119.045 0 0 1 0 
-0.999998 0.00174481 0 63.4162 -0.00174481 -0.999998 0 -119.042 0 0 1 0 
-0.999976 -0.00686366 0 62.4005 0.00686366 -0.999976 0 -119.039 0 0 1 0 
-0.99989 -0.0148125 0 61.3617 0.0148125 -0.99989 0 -119.042 0 0 1 0 
-0.999741 -0.0227576 0 60.324 0.0227576 -0.999741 0 -119.037 0 0 1 0 
-0.999528 -0.0307051 0 59.2862 0.0307051 -0.999528 0 -119.025 0 0 1 0 
-0.999242 -0.038921 0 58.2151 0.038921 -0.999242 0 -119.003 0 0 1 0 
-0.998867 -0.0475964 0 57.1793 0.0475964 -0.998867 0 -118.958 0 0 1 0 
-0.99996 0.00891271 0 56.1127 -0.00891271 -0.99996 0 -118.904 0 0 1 0 
-0.999999 0.00156457 0 55.0786 -0.00156457 -0.999999 0 -118.904 0 0 1 0 
-0.999973 -0.00729399 0 54.0421 0.00729399 -0.999973 0 -118.895 0 0 1 0 
-0.99987 -0.016143 0 53.007 0.016143 -0.99987 0 -118.877 0 0 1 0 
-0.999688 -0.0249699 0 51.9923 0.0249699 -0.999688 0 -118.853 0 0 1 0 
-0.999429 -0.0337864 0 50.9762 0.0337864 -0.999429 0 -118.819 0 0 1 0 
-0.99908 -0.0428803 0 49.9273 0.0428803 -0.99908 0 -118.776 0 0 1 0 
-0.998663 -0.0516955 0 48.9126 0.0516955 -0.998663 0 -118.725 0 0 1 0 
-0.998181 -0.0602885 0 47.8839 0.0602885 -0.998181 0 -118.67 0 0 1 0 
-0.997667 -0.0682682 0 46.7665 0.0682682 -0.997667 0 -118.63 0 0 1 0 
-0.957118 -0.289698 0 45.6848 0.289698 -0.957118 0 -118.545 0 0 1 0 
-0.729092 -0.684416 0 44.7721 0.684416 -0.729092 0 -118.009 0 0 1 0 
-0.723783 -0.690027 0 43.9601 0.690027 -0.723783 0 -117.343 0 0 1 0 
-0.718383 -0.695648 0 43.1788 0.695648 -0.718383 0 -116.669 0 0 1 0 
-0.712911 -0.701255 0 42.4208 0.701255 -0.712911 0 -115.989 0 0 1 0 
-0.291995 -0.95642 0 41.7756 0.95642 -0.291995 0 -115.213 0 0 1 0 
-0.0749205 -0.99719 0 41.6113 0.99719 -0.0749205 0 -114.035 0 0 1 0 
-0.0432205 -0.999066 0 41.4904 0.999066 -0.0432205 0 -112.846 0 0 1 0 
-0.0353135 -0.999376 0 41.4448 0.999376 -0.0353135 0 -111.785 0 0 1 0 
-0.0274132 -0.999624 0 41.4067 0.999624 -0.0274132 0 -110.724 0 0 1 0 
-0.0194956 -0.99981 0 41.3779 0.99981 -0.0194956 0 -109.663 0 0 1 0 
-0.0118617 -0.99993 0 41.3567 0.99993 -0.0118617 0 -108.636 0 0 1 0 
-0.00276774 -0.999996 0 41.3571 0.999996 -0.00276774 0 -107.476 0 0 1 0 
0.00655998 -0.999978 0 41.3752 0.999978 0.00655998 0 -106.32 0 0 1 0 
0.0156251 -0.999878 0 41.4045 0.999878 0.0156251 0 -105.196 0 0 1 0 
0.0261667 -0.999658 0 41.4445 0.999658 0.0261667 0 -104.074 0 0 1 0 
0.0341063 -0.999418 0 41.487 0.999418 0.0341063 0 -102.913 0 0 1 0 
0.0439028 -0.999036 0 41.5317 0.999036 0.0439028 0 -101.713 0 0 1 0 
0.0536839 -0.998558 0 41.5888 0.998558 0.0536839 0 -100.516 0 0 1 0 
0.0634771 -0.997983 0 41.6574 0.997983 0.0634771 0 -99.3175 0 0 1 0 
-0.000701988 -1 0 41.7305 1 -0.000701988 0 -98.2799 0 0 1 0 
-0.116839 -0.993151 0 41.6251 0.993151 -0.116839 0 -97.1072 0 0 1 0 
-0.106738 -0.994287 0 41.5103 0.994287 -0.106738 0 -95.9647 0 0 1 0 
-0.0963562 -0.995347 0 41.4043 0.995347 -0.0963562 0 -94.7885 0 0 1 0 
-0.0867053 -0.996234 0 41.3221 0.996234 -0.0867053 0 -93.6015 0 0 1 0 
-0.0790688 -0.996869 0 41.269 0.996869 -0.0790688 0 -92.5772 0 0 1 0 
-0.0714137 -0.997447 0 41.2229 0.997447 -0.0714137 0 -91.552 0 0 1 0 
-0.200939 -0.979604 0 41.1469 0.979604 -0.200939 0 -90.5012 0 0 1 0 
-0.166985 -0.985959 0 40.9899 0.985959 -0.166985 0 -89.4889 0 0 1 0 
-0.153672 -0.988122 0 40.8088 0.988122 -0.153672 0 -88.3255 0 0 1 0 
-0.066133 -0.997811 0 40.7047 0.997811 -0.066133 0 -87.153 0 0 1 0 
-0.100223 -0.994965 0 40.606 0.994965 -0.100223 0 -85.9796 0 0 1 0 
-0.0692001 -0.997603 0 40.5145 0.997603 -0.0692001 0 -84.8375 0 0 1 0 
-0.0547528 -0.9985 0 40.4636 0.9985 -0.0547528 0 -83.8139 0 0 1 0 
-0.0403006 -0.999188 0 40.4273 0.999188 -0.0403006 0 -82.7906 0 0 1 0 
-0.0258727 -0.999665 0 40.4054 0.999665 -0.0258727 0 -81.7649 0 0 1 0 
-0.0114142 -0.999935 0 40.3998 0.999935 -0.0114142 0 -80.7421 0 0 1 0 
0.000713212 -1 0 40.3995 1 0.000713212 0 -79.732 0 0 1 0 
0.223995 -0.97459 0 40.514 0.97459 0.223995 0 -78.5596 0 0 1 0 
0.23264 -0.972563 0 40.7437 0.972563 0.23264 0 -77.5676 0 0 1 0 
0.241256 -0.970462 0 40.983 0.970462 0.241256 0 -76.579 0 0 1 0 
0.249848 -0.968285 0 41.2312 0.968285 0.249848 0 -75.5931 0 0 1 0 
0.25877 -0.965939 0 41.542 0.965939 0.25877 0 -74.5976 0 0 1 0 
0.267802 -0.963474 0 41.8777 0.963474 0.267802 0 -73.5958 0 0 1 0 
0.27707 -0.96085 0 42.2305 0.96085 0.27707 0 -72.5623 0 0 1 0 
0.0724414 -0.997373 0 42.4423 0.997373 0.0724414 0 -71.5067 0 0 1 0 
0.0385184 -0.999258 0 42.538 0.999258 0.0385184 0 -70.4702 0 0 1 0 
0.0474802 -0.998872 0 42.6018 0.998872 0.0474802 0 -69.4411 0 0 1 0 
0.0564437 -0.998406 0 42.6748 0.998406 0.0564437 0 -68.4117 0 0 1 0 
0.0653958 -0.997859 0 42.7562 0.997859 0.0653958 0 -67.3828 0 0 1 0 
0.0743447 -0.997233 0 42.8474 0.997233 0.0743447 0 -66.3557 0 0 1 0 
0.0832675 -0.996527 0 42.9481 0.996527 0.0832675 0 -65.3241 0 0 1 0 
0.0921485 -0.995745 0 43.0589 0.995745 0.0921485 0 -64.2874 0 0 1 0 
0.101016 -0.994885 0 43.1795 0.994885 0.101016 0 -63.2525 0 0 1 0 
-0.0475226 -0.99887 0 43.2169 0.99887 -0.0475226 0 -62.1514 0 0 1 0 
-0.0383529 -0.999264 0 43.1949 0.999264 -0.0383529 0 -61.0799 0 0 1 0 
-0.0302182 -0.999543 0 43.177 0.999543 -0.0302182 0 -60.0264 0 0 1 0 
-0.0226234 -0.999744 0 43.1656 0.999744 -0.0226234 0 -59.0128 0 0 1 0 
-0.0150189 -0.999887 0 43.1621 0.999887 -0.0150189 0 -57.9974 0 0 1 0 
-0.00713157 -0.999975 0 43.1666 0.999975 -0.00713157 0 -56.9493 0 0 1 0 
0.000483503 -1 0 43.1787 1 0.000483503 0 -55.9332 0 0 1 0 
0.00816527 -0.999967 0 43.1448 0.999967 0.00816527 0 -54.8577 0 0 1 0 
0.015578 -0.999879 0 43.1172 0.999879 0.015578 0 -53.8143 0 0 1 0 
0.0229921 -0.999736 0 43.0981 0.999736 0.0229921 0 -52.7713 0 0 1 0 
0.0304073 -0.999538 0 43.0854 0.999538 0.0304073 0 -51.728 0 0 1 0 
0.0375795 -0.999294 0 43.0807 0.999294 0.0375795 0 -50.7083 0 0 1 0 
0.0308336 -0.999525 0 43.0809 0.999525 0.0308336 0 -49.5275 0 0 1 0 
0.0379226 -0.999281 0 43.0763 0.999281 0.0379226 0 -48.5079 0 0 1 0 
0.0450066 -0.998987 0 43.0786 0.998987 0.0450066 0 -47.4886 0 0 1 0 
0.053175 -0.998585 0 43.0889 0.998585 0.053175 0 -46.3068 0 0 1 0 
0.0619602 -0.998079 0 43.1335 0.998079 0.0619602 0 -45.1452 0 0 1 0 
0.0695569 -0.997578 0 43.1818 0.997578 0.0695569 0 -44.1436 0 0 1 0 
-0.0290036 -0.999579 0 43.1576 0.999579 -0.0290036 0 -42.9836 0 0 1 0 
-0.0202025 -0.999796 0 43.1032 0.999796 -0.0202025 0 -41.8214 0 0 1 0 
-0.0120905 -0.999927 0 43.0718 0.999927 -0.0120905 0 -40.8111 0 0 1 0 
-0.00378356 -0.999993 0 43.0509 0.999993 -0.00378356 0 -39.7913 0 0 1 0 
0.00479279 -0.999989 0 43.0379 0.999989 0.00479279 0 -38.7387 0 0 1 0 
0.0133719 -0.999911 0 43.0334 0.999911 0.0133719 0 -37.6851 0 0 1 0 
0.0217835 -0.999763 0 43.0444 0.999763 0.0217835 0 -36.662 0 0 1 0 
0.0307024 -0.999529 0 43.0935 0.999529 0.0307024 0 -35.6286 0 0 1 0 
-0.0332066 -0.999449 0 43.0916 0.999449 -0.0332066 0 -34.5631 0 0 1 0 
-0.02428 -0.999705 0 43.0841 0.999705 -0.02428 0 -33.5284 0 0 1 0 
-0.0168529 -0.999858 0 43.085 0.999858 -0.0168529 0 -32.4942 0 0 1 0 
-0.00766134 -0.999971 0 43.0954 0.999971 -0.00766134 0 -31.4257 0 0 1 0 
0.00125757 -0.999999 0 43.1139 0.999999 0.00125757 0 -30.3917 0 0 1 0 
0.0101829 -0.999948 0 43.1418 0.999948 0.0101829 0 -29.3559 0 0 1 0 
0.0190878 -0.999818 0 43.1795 0.999818 0.0190878 0 -28.3206 0 0 1 0 
0.0279917 -0.999608 0 43.2256 0.999608 0.0279917 0 -27.2872 0 0 1 0 
-0.0597753 -0.998212 0 43.1995 0.998212 -0.0597753 0 -26.2233 0 0 1 0 
-0.0508848 -0.998705 0 43.1661 0.998705 -0.0508848 0 -25.1917 0 0 1 0 
-0.0419873 -0.999118 0 43.1413 0.999118 -0.0419873 0 -24.1591 0 0 1 0 
-0.0330892 -0.999452 0 43.1264 0.999452 -0.0330892 0 -23.1269 0 0 1 0 
-0.0241853 -0.999707 0 43.1192 0.999707 -0.0241853 0 -22.0944 0 0 1 0 
-0.0152722 -0.999883 0 43.1213 0.999883 -0.0152722 0 -21.0603 0 0 1 0 
-0.00636149 -0.99998 0 43.1325 0.99998 -0.00636149 0 -20.0272 0 0 1 0 
0.00255216 -0.999997 0 43.153 0.999997 0.00255216 0 -18.994 0 0 1 0 
0.0114802 -0.999934 0 43.1819 0.999934 0.0114802 0 -17.9597 0 0 1 0 
0.0204023 -0.999792 0 43.22 0.999792 0.0204023 0 -16.9265 0 0 1 0 
-0.0378152 -0.999285 0 43.2177 0.999285 -0.0378152 0 -15.895 0 0 1 0 
-0.02889 -0.999583 0 43.2062 0.999583 -0.02889 0 -14.8623 0 0 1 0 
-0.0199463 -0.999801 0 43.204 0.999801 -0.0199463 0 -13.8279 0 0 1 0 
-0.0110003 -0.999939 0 43.2096 0.999939 -0.0110003 0 -12.7932 0 0 1 0 
-0.0020499 -0.999998 0 43.2251 0.999998 -0.0020499 0 -11.759 0 0 1 0 
0.00691233 -0.999976 0 43.2498 0.999976 0.00691233 0 -10.7245 0 0 1 0 
0.0158665 -0.999874 0 43.283 0.999874 0.0158665 0 -9.69034 0 0 1 0 
0.0251059 -0.999685 0 43.3264 0.999685 0.0251059 0 -8.62276 0 0 1 0 
0.0340773 -0.999419 0 43.3781 0.999419 0.0340773 0 -7.5881 0 0 1 0 
0.0430483 -0.999073 0 43.4391 0.999073 0.0430483 0 -6.55468 0 0 1 0 
0.0522958 -0.998632 0 43.5109 0.998632 0.0522958 0 -5.48705 0 0 1 0 
0.0612513 -0.998122 0 43.5895 0.998122 0.0612513 0 -4.45513 0 0 1 0 
0.031425 -0.999506 0 43.6724 0.999506 0.031425 0 -3.42346 0 0 1 0 
0.0406194 -0.999175 0 43.7322 0.999175 0.0406194 0 -2.35594 0 0 1 0 
0.0495545 -0.998771 0 43.7997 0.998771 0.0495545 0 -1.32208 0 0 1 0 
0.0522443 -0.998634 0 43.8553 0.998634 0.0522443 0 -0.121984 0 0 1 0 
0.064157 -0.99794 0 43.9558 0.99794 0.064157 0 1.054 0 0 1 0 
0.38141 -0.924406 0 44.076 0.924406 0.38141 0 2.14126 0 0 1 0 
0.495625 -0.868537 0 44.4516 0.868537 0.495625 0 3.17798 0 0 1 0 
0.912559 -0.408944 0 44.7053 0.408944 0.912559 0 3.43265 0 0 1 0 
0.976952 -0.21346 0 45.7031 0.21346 0.976952 0 3.58779 0 0 1 0 
0.978675 -0.205416 0 46.866 0.205416 0.978675 0 3.83338 0 0 1 0 
0.980234 -0.19784 0 47.8541 0.19784 0.980234 0 4.04989 0 0 1 0 
0.981788 -0.189977 0 48.876 0.189977 0.981788 0 4.26475 0 0 1 0 
0.983226 -0.18239 0 49.8677 0.18239 0.983226 0 4.46688 0 0 1 0 
0.984378 -0.176066 0 50.8626 0.176066 0.984378 0 4.64906 0 0 1 0 
0.98537 -0.170428 0 51.8528 0.170428 0.98537 0 4.82437 0 0 1 0 
0.986777 -0.162085 0 52.8756 0.162085 0.986777 0 4.98325 0 0 1 0 
0.988077 -0.153957 0 53.8673 0.153957 0.988077 0 5.12739 0 0 1 0 
0.991758 -0.128128 0 54.8607 0.128128 0.991758 0 5.26223 0 0 1 0 
0.996582 -0.0826148 0 55.894 0.0826148 0.996582 0 5.34698 0 0 1 0 
0.997616 -0.0690142 0 56.9522 0.0690142 0.997616 0 5.47451 0 0 1 0 
0.997942 -0.0641296 0 57.9795 0.0641296 0.997942 0 5.52283 0 0 1 0 
0.998283 -0.0585819 0 59.1732 0.0585819 0.998283 0 5.57085 0 0 1 0 
0.998695 -0.0510709 0 60.3723 0.0510709 0.998695 0 5.62782 0 0 1 0 
0.999285 -0.037801 0 61.3903 0.037801 0.999285 0 5.71614 0 0 1 0 
0.999502 -0.0315475 0 62.4361 0.0315475 0.999502 0 5.73375 0 0 1 0 
0.999696 -0.024651 0 63.4479 0.024651 0.999696 0 5.7516 0 0 1 0 
0.999843 -0.0177415 0 64.4602 0.0177415 0.999843 0 5.76307 0 0 1 0 
0.999984 -0.00560796 0 65.4656 0.00560796 0.999984 0 5.76703 0 0 1 0 
0.999988 0.00490566 0 66.5038 -0.00490566 0.999988 0 5.87633 0 0 1 0 
0.999896 0.0143897 0 67.5114 -0.0143897 0.999896 0 5.8809 0 0 1 0 
0.999715 0.0238891 0 68.5185 -0.0238891 0.999715 0 5.8756 0 0 1 0 
0.999513 0.0312127 0 69.5372 -0.0312127 0.999513 0 5.84707 0 0 1 0 
0.999163 0.0408939 0 70.5501 -0.0408939 0.999163 0 5.82943 0 0 1 0 
0.998719 0.050591 0 71.5605 -0.050591 0.998719 0 5.80281 0 0 1 0 
0.998175 0.0603801 0 72.5599 -0.0603801 0.998175 0 5.75398 0 0 1 0 
0.99763 0.0688007 0 73.5781 -0.0688007 0.99763 0 5.68585 0 0 1 0 
0.999983 -0.00588154 0 74.609 0.00588154 0.999983 0 5.67514 0 0 1 0 
0.999996 0.0029733 0 75.6434 -0.0029733 0.999996 0 5.677 0 0 1 0 
0.999951 0.00987103 0 76.6708 -0.00987103 0.999951 0 5.69552 0 0 1 0 
0.999892 0.014724 0 77.7296 -0.014724 0.999892 0 5.7047 0 0 1 0 
0.99964 0.026829 0 78.9232 -0.026829 0.99964 0 5.69042 0 0 1 0 
0.999232 0.039193 0 80.1486 -0.039193 0.999232 0 5.66047 0 0 1 0 
0.998843 0.0480894 0 81.2077 -0.0480894 0.998843 0 5.64694 0 0 1 0 
0.998362 0.0572072 0 82.2716 -0.0572072 0.998362 0 5.5865 0 0 1 0 
0.997878 0.0651045 0 83.4478 -0.0651045 0.997878 0 5.50506 0 0 1 0 
0.997285 0.0736412 0 84.6217 -0.0736412 0.997285 0 5.41875 0 0 1 0 
0.996605 0.0823357 0 85.8137 -0.0823357 0.996605 0 5.34223 0 0 1 0 
0.99594 0.0900237 0 86.873 -0.0900237 0.99594 0 5.25868 0 0 1 0 
0.995187 0.0979968 0 87.8898 -0.0979968 0.995187 0 5.16225 0 0 1 0 
0.994184 0.107695 0 88.8895 -0.107695 0.994184 0 5.08928 0 0 1 0 
0.993141 0.116922 0 90.0786 -0.116922 0.993141 0 4.96692 0 0 1 0 
0.992237 0.124362 0 91.075 -0.124362 0.992237 0 4.84241 0 0 1 0 
0.99107 0.133345 0 92.1108 -0.133345 0.99107 0 4.7118 0 0 1 0 
0.989866 0.142006 0 93.1123 -0.142006 0.989866 0 4.57574 0 0 1 0 
0.84455 0.535477 0 94.0962 -0.535477 0.84455 0 4.36829 0 0 1 0 
0.812405 0.583093 0 94.921 -0.583093 0.812405 0 3.76648 0 0 1 0 
0.80739 0.590018 0 95.7747 -0.590018 0.80739 0 3.14771 0 0 1 0 
0.802472 0.59669 0 96.5958 -0.59669 0.802472 0 2.54253 0 0 1 0 
0.797362 0.603501 0 97.4396 -0.603501 0.797362 0 1.91074 0 0 1 0 
0.893631 0.448802 0 98.2954 -0.448802 0.893631 0 1.30601 0 0 1 0 
0.889134 0.457647 0 99.2022 -0.457647 0.889134 0 0.850308 0 0 1 0 
0.9764 -0.215969 0 99.9847 0.215969 0.9764 0 0.634178 0 0 1 0 
0.832116 -0.554602 0 100.924 0.554602 0.832116 0 1.14108 0 0 1 0 
0.771562 -0.636154 0 101.766 0.636154 0.771562 0 1.80558 0 0 1 0 
0.360076 -0.932923 0 102.501 0.932923 0.360076 0 2.64228 0 0 1 0 
0.0994581 -0.995042 0 102.654 0.995042 0.0994581 0 3.68835 0 0 1 0 
0.0767726 -0.997049 0 102.767 0.997049 0.0767726 0 4.71291 0 0 1 0 
-0.630485 -0.776201 0 102.633 0.776201 -0.630485 0 5.26378 0 0 1 0 
-0.76087 -0.648905 0 101.856 0.648905 -0.76087 0 5.92635 0 0 1 0 
-0.75439 -0.656426 0 100.95 0.656426 -0.75439 0 6.70063 0 0 1 0 
-0.786979 -0.61698 0 100.147 0.61698 -0.786979 0 7.33686 0 0 1 0 
-0.780818 -0.624758 0 99.21 0.624758 -0.780818 0 8.07299 0 0 1 0 
-0.724256 -0.689531 0 98.3172 0.689531 -0.724256 0 8.86288 0 0 1 0 
-0.433067 -0.901362 0 97.5495 0.901362 -0.433067 0 9.76783 0 0 1 0 
-0.403831 -0.914833 0 97.0503 0.914833 -0.403831 0 10.8517 0 0 1 0 
-0.394686 -0.918816 0 96.5778 0.918816 -0.394686 0 11.9491 0 0 1 0 
-0.4874 -0.873179 0 96.1303 0.873179 -0.4874 0 13.0353 0 0 1 0 
-0.615763 -0.787932 0 95.5057 0.787932 -0.615763 0 13.8838 0 0 1 0 
-0.801229 -0.598358 0 94.6639 0.598358 -0.801229 0 14.7618 0 0 1 0 
-0.798371 -0.602165 0 93.7435 0.602165 -0.798371 0 15.4213 0 0 1 0 
-0.600197 -0.799852 0 92.8444 0.799852 -0.600197 0 16.1124 0 0 1 0 
-0.0351055 -0.999384 0 92.5719 0.999384 -0.0351055 0 16.7173 0 0 1 0 
0.0816172 -0.996664 0 92.534 0.996664 0.0816172 0 17.7959 0 0 1 0 
0.0863899 -0.996261 0 92.5029 0.996261 0.0863899 0 18.855 0 0 1 0 
0.108963 -0.994046 0 92.4887 0.994046 0.108963 0 19.9134 0 0 1 0 
0.113697 -0.993516 0 92.4845 0.993516 0.113697 0 20.9712 0 0 1 0 
0.118429 -0.992963 0 92.4858 0.992963 0.118429 0 22.0274 0 0 1 0 
0.123177 -0.992385 0 92.4921 0.992385 0.123177 0 23.084 0 0 1 0 
0.126429 -0.991976 0 92.5026 0.991976 0.126429 0 24.1391 0 0 1 0 
0.132625 -0.991166 0 92.5179 0.991166 0.132625 0 25.1931 0 0 1 0 
0.137376 -0.990519 0 92.5383 0.990519 0.137376 0 26.2477 0 0 1 0 
0.493077 -0.869985 0 92.6139 0.869985 0.493077 0 27.3173 0 0 1 0 
0.897958 -0.440081 0 92.8031 0.440081 0.897958 0 27.5418 0 0 1 0 
0.992217 0.124522 0 93.8789 -0.124522 0.992217 0 27.8297 0 0 1 0 
0.995514 0.0946168 0 94.9439 -0.0946168 0.995514 0 27.777 0 0 1 0 
0.994955 0.100322 0 96.0085 -0.100322 0.994955 0 27.7306 0 0 1 0 
0.994365 0.106014 0 97.0742 -0.106014 0.994365 0 27.6771 0 0 1 0 
0.993742 0.111703 0 98.1373 -0.111703 0.993742 0 27.6159 0 0 1 0 
0.998941 0.0460125 0 99.201 -0.0460125 0.998941 0 27.5781 0 0 1 0 
0.998661 0.0517344 0 100.272 -0.0517344 0.998661 0 27.5902 0 0 1 0 
0.998348 0.0574597 0 101.341 -0.0574597 0.998348 0 27.5952 0 0 1 0 
0.998003 0.0631739 0 102.41 -0.0631739 0.998003 0 27.5933 0 0 1 0 
0.997624 0.0688879 0 103.479 -0.0688879 0.997624 0 27.5842 0 0 1 0 
0.997214 0.074596 0 104.547 -0.074596 0.997214 0 27.5681 0 0 1 0 
0.996748 0.0805768 0 105.648 -0.0805768 0.996748 0 27.5419 0 0 1 0 
0.995927 0.0901658 0 106.767 -0.0901658 0.995927 0 27.5028 0 0 1 0 
0.997952 0.0639621 0 107.942 -0.0639621 0.997952 0 27.42 0 0 1 0 
0.995832 0.0912096 0 109.12 -0.0912096 0.995832 0 27.3618 0 0 1 0 
0.992954 0.118498 0 110.294 -0.118498 0.992954 0 27.2677 0 0 1 0 
0.998039 0.0625883 0 111.47 -0.0625883 0.998039 0 27.1706 0 0 1 0 
0.998537 0.0540772 0 112.658 -0.0540772 0.998537 0 27.131 0 0 1 0 
0.998957 0.0456538 0 113.848 -0.0456538 0.998957 0 27.0999 0 0 1 0 
0.999927 -0.012094 0 115.038 0.012094 0.999927 0 27.1168 0 0 1 0 
0.999846 -0.0175468 0 116.238 0.0175468 0.999846 0 27.17 0 0 1 0 
0.999961 -0.00879208 0 117.342 0.00879208 0.999961 0 27.2067 0 0 1 0 
0.999996 0.00267455 0 118.412 -0.00267455 0.999996 0 27.238 0 0 1 0 
0.999852 0.017225 0 119.494 -0.017225 0.999852 0 27.2545 0 0 1 0 
0.999852 0.0172042 0 120.619 -0.0172042 0.999852 0 27.2618 0 0 1 0 
0.999595 0.0284685 0 121.634 -0.0284685 0.999595 0 27.2518 0 0 1 0 
0.99941 0.034343 0 122.713 -0.034343 0.99941 0 27.2232 0 0 1 0 
0.998645 0.0520366 0 123.779 -0.0520366 0.998645 0 27.1852 0 0 1 0 
0.99956 0.0296549 0 124.867 -0.0296549 0.99956 0 27.1413 0 0 1 0 
0.999281 0.0379149 0 125.871 -0.0379149 0.999281 0 27.1113 0 0 1 0 
0.998865 0.0476257 0 127.044 -0.0476257 0.998865 0 27.0434 0 0 1 0 
0.998355 0.0573402 0 128.218 -0.0573402 0.998355 0 26.9635 0 0 1 0 
0.997839 0.0656995 0 129.228 -0.0656995 0.997839 0 26.8857 0 0 1 0 
0.997154 0.0753933 0 130.399 -0.0753933 0.997154 0 26.7847 0 0 1 0 
0.996499 0.0835996 0 131.424 -0.0835996 0.996499 0 26.6978 0 0 1 0 
0.995753 0.0920602 0 132.481 -0.0920602 0.995753 0 26.5987 0 0 1 0 
0.999876 -0.0157257 0 133.537 0.0157257 0.999876 0 26.5725 0 0 1 0 
0.999972 -0.00751211 0 134.563 0.00751211 0.999972 0 26.5768 0 0 1 0 
1 0.000419549 0 135.579 -0.000419549 1 0 26.5831 0 0 1 0 
0.999955 0.00943905 0 136.776 -0.00943905 0.999955 0 26.599 0 0 1 0 
0.999829 0.0184676 0 137.974 -0.0184676 0.999829 0 26.605 0 0 1 0 
0.999622 0.0274822 0 139.172 -0.0274822 0.999622 0 26.5996 0 0 1 0 
0.999329 0.0366288 0 140.364 -0.0366288 0.999329 0 26.5776 0 0 1 0 
0.999995 -0.00300974 0 141.383 0.00300974 0.999995 0 26.5716 0 0 1 0 
0.99998 0.00638084 0 142.566 -0.00638084 0.99998 0 26.5734 0 0 1 0 
0.999163 -0.0409125 0 143.747 0.0409125 0.999163 0 26.624 0 0 1 0 
0.999499 -0.0316568 0 144.932 0.0316568 0.999499 0 26.6759 0 0 1 0 
0.999732 -0.0231487 0 146.125 0.0231487 0.999732 0 26.743 0 0 1 0 
0.999893 -0.014634 0 147.317 0.014634 0.999893 0 26.8003 0 0 1 0 
0.998549 -0.0538486 0 148.508 0.0538486 0.998549 0 26.866 0 0 1 0 
0.998979 -0.0451758 0 149.697 0.0451758 0.998979 0 26.9623 0 0 1 0 
0.999365 -0.0356243 0 150.87 0.0356243 0.999365 0 27.0566 0 0 1 0 
0.99966 -0.0260698 0 152.044 0.0260698 0.99966 0 27.1387 0 0 1 0 
0.999863 -0.016527 0 153.217 0.016527 0.999863 0 27.2096 0 0 1 0 
0.999966 -0.00830107 0 154.228 0.00830107 0.999966 0 27.2593 0 0 1 0 
0.999945 0.0105229 0 155.268 -0.0105229 0.999945 0 27.3217 0 0 1 0 
0.99957 0.0293329 0 156.306 -0.0293329 0.99957 0 27.3637 0 0 1 0 
0.998844 0.0480673 0 157.345 -0.0480673 0.998844 0 27.3851 0 0 1 0 
0.997763 0.0668472 0 158.382 -0.0668472 0.997763 0 27.3875 0 0 1 0 
0.924528 -0.381114 0 159.448 0.381114 0.924528 0 27.4685 0 0 1 0 
0.918563 -0.395273 0 160.535 0.395273 0.918563 0 27.9598 0 0 1 0 
0.917221 -0.398379 0 161.619 0.398379 0.917221 0 28.4555 0 0 1 0 
0.879846 -0.475259 0 162.692 0.475259 0.879846 0 28.9744 0 0 1 0 
0.879398 -0.476087 0 163.568 0.476087 0.879398 0 29.4893 0 0 1 0 
0.882567 -0.470187 0 164.493 0.470187 0.882567 0 30.0819 0 0 1 0 
0.997993 0.0633236 0 165.475 -0.0633236 0.997993 0 30.5266 0 0 1 0 
0.808086 0.589064 0 165.842 -0.589064 0.808086 0 30.4409 0 0 1 0 
0.283041 0.959108 0 166.028 -0.959108 0.283041 0 30.2288 0 0 1 0 
0.376544 0.926399 0 166.453 -0.926399 0.376544 0 29.1938 0 0 1 0 
0.20866 0.977988 0 166.916 -0.977988 0.20866 0 28.1691 0 0 1 0 
