1 -2.43421e-06 0 9.05612e-09 2.43421e-06 1 0 -1.68138e-07 0 0 1 0 
0.999985 -0.00543814 0 2.02574e-07 0.00543814 0.999985 0 -6.74465e-05 0 0 1 0 
0.99994 -0.0109771 0 5.60118e-07 0.0109771 0.99994 0 -0.000134746 0 0 1 0 
0.999893 -0.0146459 0 0.000579842 0.0146459 0.999893 0 -0.137554 0 0 1 0 
0.999854 -0.0170596 0 0.63067 0.0170596 0.999854 0 -0.136349 0 0 1 0 
0.997629 0.0688198 0 0.68576 -0.0688198 0.997629 0 -0.1411 0 0 1 0 
0.649242 0.760582 0 0.440293 -0.760582 0.649242 0 -0.448135 0 0 1 0 
0.0933092 0.995637 0 0.422393 -0.995637 0.0933092 0 -0.432611 0 0 1 0 
-0.494871 0.868967 0 0.434445 -0.868967 -0.494871 0 -0.411469 0 0 1 0 
-0.914155 0.405364 0 0.468802 -0.405364 -0.914155 0 -0.416012 0 0 1 0 
-0.981097 -0.193515 0 0.501475 0.193515 -0.981097 0 -0.511315 0 0 1 0 
-0.647247 -0.76228 0 0.213737 0.76228 -0.647247 0 -1.01848 0 0 1 0 
-0.0566562 -0.998394 0 -0.210155 0.998394 -0.0566562 0 -1.04301 0 0 1 0 
0.565172 -0.824973 0 -0.190813 0.824973 0.565172 0 -1.02916 0 0 1 0 
0.934398 -0.356232 0 -0.157465 0.356232 0.934398 0 -1.03047 0 0 1 0 
0.987526 0.157457 0 -0.123213 -0.157457 0.987526 0 -1.24305 0 0 1 0 
0.985432 0.170069 0 0.173449 -0.170069 0.985432 0 -1.28786 0 0 1 0 
0.980831 0.194859 0 0.782199 -0.194859 0.980831 0 -1.39965 0 0 1 0 
0.980116 0.198426 0 1.4148 -0.198426 0.980116 0 -1.5224 0 0 1 0 
0.970859 0.239652 0 2.05457 -0.239652 0.970859 0 -1.67505 0 0 1 0 
0.931499 0.363744 0 2.66971 -0.363744 0.931499 0 -1.85591 0 0 1 0 
0.975548 0.219788 0 3.27347 -0.219788 0.975548 0 -2.07126 0 0 1 0 
0.999417 0.0341552 0 3.88977 -0.0341552 0.999417 0 -2.23372 0 0 1 0 
0.99073 -0.135845 0 4.52818 0.135845 0.99073 0 -2.16704 0 0 1 0 
0.998691 -0.0511421 0 5.163 0.0511421 0.998691 0 -2.09473 0 0 1 0 
0.998237 0.0593623 0 5.80243 -0.0593623 0.998237 0 -2.04667 0 0 1 0 
0.994942 0.100454 0 6.41282 -0.100454 0.994942 0 -2.10378 0 0 1 0 
0.996468 0.0839761 0 7.02913 -0.0839761 0.996468 0 -2.15173 0 0 1 0 
0.996249 0.086533 0 7.61219 -0.086533 0.996249 0 -2.20882 0 0 1 0 
0.998585 0.0531756 0 7.98996 -0.0531756 0.998585 0 -2.23876 0 0 1 0 
0.834536 0.550954 0 7.99758 -0.550954 0.834536 0 -2.23709 0 0 1 0 
0.65914 0.752021 0 8.12867 -0.752021 0.65914 0 -2.36066 0 0 1 0 
0.638869 0.769315 0 8.54355 -0.769315 0.638869 0 -2.85231 0 0 1 0 
0.675695 0.737181 0 8.96277 -0.737181 0.675695 0 -3.338 0 0 1 0 
0.689354 0.724425 0 9.40668 -0.724425 0.689354 0 -3.80327 0 0 1 0 
0.712176 0.702001 0 9.85807 -0.702001 0.712176 0 -4.2601 0 0 1 0 
0.704074 0.710127 0 10.3147 -0.710127 0.704074 0 -4.71844 0 0 1 0 
0.70743 0.706784 0 10.6145 -0.706784 0.70743 0 -5.01599 0 0 1 0 
0.448462 0.893802 0 10.7801 -0.893802 0.448462 0 -4.88222 0 0 1 0 
0.288984 0.957334 0 10.6997 -0.957334 0.288984 0 -4.93922 0 0 1 0 
0.303731 0.952758 0 10.8859 -0.952758 0.303731 0 -5.53976 0 0 1 0 
0.273077 0.961992 0 11.0777 -0.961992 0.273077 0 -6.16574 0 0 1 0 
0.252637 0.967561 0 11.2398 -0.967561 0.252637 0 -6.75924 0 0 1 0 
0.217045 0.976161 0 11.3877 -0.976161 0.217045 0 -7.38827 0 0 1 0 
0.186204 0.982511 0 11.5203 -0.982511 0.186204 0 -8.01939 0 0 1 0 
0.323094 0.946367 0 11.6564 -0.946367 0.323094 0 -8.64338 0 0 1 0 
0.278467 0.960446 0 11.882 -0.960446 0.278467 0 -9.24109 0 0 1 0 
0.0460817 0.998938 0 12.0559 -0.998938 0.0460817 0 -9.8545 0 0 1 0 
-0.134895 0.99086 0 12.0588 -0.99086 -0.134895 0 -10.4969 0 0 1 0 
-0.183897 0.982945 0 11.9457 -0.982945 -0.183897 0 -11.1253 0 0 1 0 
-0.0334979 0.999439 0 11.8039 -0.999439 -0.0334979 0 -11.7171 0 0 1 0 
0.0431318 0.999069 0 11.7972 -0.999069 0.0431318 0 -12.3283 0 0 1 0 
0.0289934 0.99958 0 11.8051 -0.99958 0.0289934 0 -12.9416 0 0 1 0 
0.080666 0.996741 0 11.8418 -0.996741 0.080666 0 -13.5353 0 0 1 0 
0.0423061 0.999105 0 11.8731 -0.999105 0.0423061 0 -14.0935 0 0 1 0 
-0.177363 0.984145 0 13.2115 -0.984145 -0.177363 0 -14.2345 0 0 1 0 
-0.210643 0.977563 0 11.715 -0.977563 -0.210643 0 -13.9043 0 0 1 0 
-0.250097 0.968221 0 11.5773 -0.968221 -0.250097 0 -14.5482 0 0 1 0 
-0.210699 0.977551 0 11.4167 -0.977551 -0.210699 0 -15.1763 0 0 1 0 
-0.229518 0.973304 0 11.2731 -0.973304 -0.229518 0 -15.8017 0 0 1 0 
-0.195575 0.980689 0 11.1321 -0.980689 -0.195575 0 -16.4244 0 0 1 0 
-0.225079 0.97434 0 10.9937 -0.97434 -0.225079 0 -17.0502 0 0 1 0 
-0.528554 0.8489 0 10.8003 -0.8489 -0.528554 0 -17.6265 0 0 1 0 
-0.498227 0.867046 0 10.4193 -0.867046 -0.498227 0 -18.1048 0 0 1 0 
-0.129293 0.991606 0 10.1402 -0.991606 -0.129293 0 -18.6446 0 0 1 0 
0.0638886 0.997957 0 10.0922 -0.997957 0.0638886 0 -19.2508 0 0 1 0 
0.0205468 0.999789 0 10.1719 -0.999789 0.0205468 0 -19.8817 0 0 1 0 
-0.206736 0.978397 0 10.1799 -0.978397 -0.206736 0 -20.5184 0 0 1 0 
-0.217681 0.97602 0 10.0835 -0.97602 -0.217681 0 -20.9897 0 0 1 0 
-0.363562 0.93157 0 10.1179 -0.93157 -0.363562 0 -21.009 0 0 1 0 
-0.867648 0.497179 0 10.1678 -0.497179 -0.867648 0 -21.0411 0 0 1 0 
-0.99208 -0.12561 0 10.1768 0.12561 -0.99208 0 -21.068 0 0 1 0 
-0.991471 -0.13033 0 10.1768 0.13033 -0.991471 0 -21.068 0 0 1 0 
-0.981643 -0.190726 0 10.1702 0.190726 -0.981643 0 -21.082 0 0 1 0 
-0.684361 -0.729143 0 10.2088 0.729143 -0.684361 0 -21.0122 0 0 1 0 
-0.390441 -0.920628 0 10.2293 0.920628 -0.390441 0 -20.9482 0 0 1 0 
-0.887077 -0.461621 0 10.2222 0.461621 -0.887077 0 -20.9333 0 0 1 0 
-0.97001 -0.243066 0 10.2107 0.243066 -0.97001 0 -20.9275 0 0 1 0 
-0.99581 0.0914511 0 9.91343 -0.0914511 -0.99581 0 -20.951 0 0 1 0 
-0.995858 0.0909229 0 9.28073 -0.0909229 -0.995858 0 -21.0172 0 0 1 0 
-0.9998 0.0199796 0 8.63374 -0.0199796 -0.9998 0 -21.0457 0 0 1 0 
-0.999998 -0.00175135 0 7.99401 0.00175135 -0.999998 0 -21.0505 0 0 1 0 
-0.829356 0.558721 0 7.35177 -0.558721 -0.829356 0 -21.1274 0 0 1 0 
-0.861378 0.507964 0 6.87788 -0.507964 -0.861378 0 -21.5613 0 0 1 0 
-0.995342 -0.0964052 0 6.32308 0.0964052 -0.995342 0 -21.8733 0 0 1 0 
-0.781999 -0.62328 0 5.69657 0.62328 -0.781999 0 -21.7377 0 0 1 0 
-0.728671 -0.684863 0 5.17953 0.684863 -0.728671 0 -21.2283 0 0 1 0 
-0.955049 -0.296447 0 4.76388 0.296447 -0.955049 0 -20.7877 0 0 1 0 
-0.973894 -0.227005 0 4.42982 0.227005 -0.973894 0 -20.645 0 0 1 0 
-0.993788 0.111286 0 4.46078 -0.111286 -0.993788 0 -21.1126 0 0 1 0 
-0.998396 -0.0566141 0 3.821 0.0566141 -0.998396 0 -21.1785 0 0 1 0 
-0.99372 -0.111898 0 3.17021 0.111898 -0.99372 0 -21.1427 0 0 1 0 
-0.963398 -0.268077 0 2.54327 0.268077 -0.963398 0 -21.0389 0 0 1 0 
-0.950995 -0.309206 0 1.94644 0.309206 -0.950995 0 -20.8064 0 0 1 0 
-0.9835 -0.180908 0 1.34941 0.180908 -0.9835 0 -20.581 0 0 1 0 
-0.970092 -0.242737 0 0.714397 0.242737 -0.970092 0 -20.4956 0 0 1 0 
-0.953058 -0.302788 0 0.107503 0.302788 -0.953058 0 -20.3142 0 0 1 0 
-0.96919 -0.246316 0 -0.459408 0.246316 -0.96919 0 -20.087 0 0 1 0 
-0.999107 -0.0422461 0 -1.0429 0.0422461 -0.999107 0 -19.9266 0 0 1 0 
-0.981265 0.192663 0 -1.76722 -0.192663 -0.981265 0 -19.9357 0 0 1 0 
-0.992466 0.122517 0 -2.33602 -0.122517 -0.992466 0 -20.0563 0 0 1 0 
-0.999756 -0.0221038 0 -2.95217 0.0221038 -0.999756 0 -20.2093 0 0 1 0 
-0.905849 -0.4236 0 -3.58834 0.4236 -0.905849 0 -20.118 0 0 1 0 
-0.965586 -0.260082 0 -4.14458 0.260082 -0.965586 0 -19.8098 0 0 1 0 
-0.999567 0.0294403 0 -4.75839 -0.0294403 -0.999567 0 -19.6378 0 0 1 0 
-0.966431 0.256927 0 -5.39348 -0.256927 -0.966431 0 -19.7139 0 0 1 0 
-0.991387 0.130969 0 -5.99735 -0.130969 -0.991387 0 -19.8836 0 0 1 0 
-0.997036 -0.0769364 0 -6.63497 0.0769364 -0.997036 0 -19.9499 0 0 1 0 
-0.999924 -0.0123406 0 -7.05357 0.0123406 -0.999924 0 -19.9305 0 0 1 0 
-0.894866 -0.446335 0 -7.06845 0.446335 -0.894866 0 -19.939 0 0 1 0 
-0.491267 -0.871009 0 -7.16213 0.871009 -0.491267 0 -20.0196 0 0 1 0 
-0.00533543 -0.999986 0 -7.17283 0.999986 -0.00533543 0 -19.9124 0 0 1 0 
-0.0624124 -0.99805 0 -7.18425 0.99805 -0.0624124 0 -19.2498 0 0 1 0 
-0.111484 -0.993766 0 -7.2405 0.993766 -0.111484 0 -18.6041 0 0 1 0 
-0.149716 -0.988729 0 -7.31291 0.988729 -0.149716 0 -17.9691 0 0 1 0 
-0.201598 -0.979468 0 -7.43086 0.979468 -0.201598 0 -17.3375 0 0 1 0 
-0.230396 -0.973097 0 -7.599 0.973097 -0.230396 0 -16.5941 0 0 1 0 
-0.296451 -0.955048 0 -7.76834 0.955048 -0.296451 0 -15.9836 0 0 1 0 
0.07888 -0.996884 0 -7.89303 0.996884 0.07888 0 -15.984 0 0 1 0 
0.149716 -0.988729 0 -7.81218 0.988729 0.149716 0 -15.4924 0 0 1 0 
0.0265153 -0.999648 0 -7.72795 0.999648 0.0265153 0 -14.8603 0 0 1 0 
-0.105509 -0.994418 0 -7.73117 0.994418 -0.105509 0 -14.2524 0 0 1 0 
-0.173325 -0.984865 0 -7.81624 0.984865 -0.173325 0 -13.6492 0 0 1 0 
-0.0899597 -0.995945 0 -7.97622 0.995945 -0.0899597 0 -13.4648 0 0 1 0 
0.346321 -0.938116 0 -7.83234 0.938116 0.346321 0 -13.2553 0 0 1 0 
0.313866 -0.949467 0 -7.59828 0.949467 0.313866 0 -12.6776 0 0 1 0 
0.077773 -0.996971 0 -7.48078 0.996971 0.077773 0 -12.0542 0 0 1 0 
0.220246 -0.975444 0 -7.40554 0.975444 0.220246 0 -11.4272 0 0 1 0 
0.186209 -0.98251 0 -7.26639 0.98251 0.186209 0 -10.8022 0 0 1 0 
0.0897445 -0.995965 0 -7.12827 0.995965 0.0897445 0 -10.1837 0 0 1 0 
-0.0969578 -0.995288 0 -7.10804 0.995288 -0.0969578 0 -9.54758 0 0 1 0 
-0.208108 -0.978106 0 -7.20104 0.978106 -0.208108 0 -8.91743 0 0 1 0 
-0.0437011 -0.999045 0 -7.3294 0.999045 -0.0437011 0 -8.29394 0 0 1 0 
0.148384 -0.98893 0 -7.32139 0.98893 0.148384 0 -7.71854 0 0 1 0 
0.198556 -0.98009 0 -7.21149 0.98009 0.198556 0 -7.12492 0 0 1 0 
0.0867958 -0.996226 0 -7.07228 0.996226 0.0867958 0 -6.56909 0 0 1 0 
-0.071813 -0.997418 0 -7.05018 0.997418 -0.071813 0 -5.93325 0 0 1 0 
-0.0580937 -0.998311 0 -7.09389 0.998311 -0.0580937 0 -5.30699 0 0 1 0 
-0.0289185 -0.999582 0 -7.16574 0.999582 -0.0289185 0 -4.67666 0 0 1 0 
-0.0955083 -0.995429 0 -7.20618 0.995429 -0.0955083 0 -4.05321 0 0 1 0 
-0.127767 -0.991804 0 -7.29414 0.991804 -0.127767 0 -3.4093 0 0 1 0 
-0.0817389 -0.996654 0 -7.35985 0.996654 -0.0817389 0 -2.77876 0 0 1 0 
-0.0806232 -0.996745 0 -7.42224 0.996745 -0.0806232 0 -2.13818 0 0 1 0 
0.027653 -0.999618 0 -7.40504 0.999618 0.027653 0 -1.50071 0 0 1 0 
0.00731228 -0.999973 0 -7.40313 0.999973 0.00731228 0 -1.13312 0 0 1 0 
0.483642 -0.875266 0 -7.49331 0.875266 0.483642 0 -1.10141 0 0 1 0 
0.890073 -0.455817 0 -7.39092 0.455817 0.890073 0 -1.10826 0 0 1 0 
0.999922 0.0124857 0 -7.33472 -0.0124857 0.999922 0 -1.07365 0 0 1 0 
0.99891 0.0466797 0 -6.8972 -0.0466797 0.99891 0 -1.08657 0 0 1 0 
0.999764 0.0217439 0 -6.24831 -0.0217439 0.999764 0 -1.11008 0 0 1 0 
0.999956 0.00936447 0 -5.60928 -0.00936447 0.999956 0 -1.10516 0 0 1 0 
0.997317 -0.0731984 0 -4.96667 0.0731984 0.997317 0 -1.08373 0 0 1 0 
0.969551 -0.244889 0 -4.33497 0.244889 0.969551 0 -1.00567 0 0 1 0 
0.964919 -0.26255 0 -3.73668 0.26255 0.964919 0 -0.791405 0 0 1 0 
0.99746 0.0712295 0 -3.12102 -0.0712295 0.99746 0 -0.653216 0 0 1 0 
0.981639 0.190748 0 -2.48931 -0.190748 0.981639 0 -0.724527 0 0 1 0 
0.996942 0.0781453 0 -1.8653 -0.0781453 0.996942 0 -0.854586 0 0 1 0 
0.999752 -0.0222867 0 -1.29359 0.0222867 0.999752 0 -0.903152 0 0 1 0 
0.997119 0.0758494 0 -1.1065 -0.0758494 0.997119 0 -0.899403 0 0 1 0 
0.634397 -0.773008 0 -1.12528 0.773008 0.634397 0 -0.943904 0 0 1 0 
-0.316951 -0.948442 0 -1.11869 0.948442 -0.316951 0 -0.936036 0 0 1 0 
-0.955141 -0.296151 0 -1.02293 0.296151 -0.955141 0 -0.968201 0 0 1 0 
-0.758871 0.651241 0 -1.0039 -0.651241 -0.758871 0 -0.962536 0 0 1 0 
0.107852 0.994167 0 -1.07694 -0.994167 0.107852 0 -0.958404 0 0 1 0 
0.879075 0.476684 0 -1.09613 -0.476684 0.879075 0 -0.99487 0 0 1 0 
0.999223 0.0394042 0 -0.940373 -0.0394042 0.999223 0 -0.839759 0 0 1 0 
0.999916 -0.0129793 0 -0.28074 0.0129793 0.999916 0 -0.853846 0 0 1 0 
0.986203 -0.16554 0 0.351516 0.16554 0.986203 0 -0.817189 0 0 1 0 
0.991425 -0.130676 0 0.939336 0.130676 0.991425 0 -0.676445 0 0 1 0 
0.996475 0.0838852 0 1.54704 -0.0838852 0.996475 0 -0.613819 0 0 1 0 
0.964682 0.263418 0 2.14603 -0.263418 0.964682 0 -0.679036 0 0 1 0 
0.960716 0.277533 0 2.69205 -0.277533 0.960716 0 -0.872956 0 0 1 0 
0.995839 0.0911319 0 3.31249 -0.0911319 0.995839 0 -1.04243 0 0 1 0 
0.994715 0.10267 0 3.94866 -0.10267 0.994715 0 -1.11382 0 0 1 0 
0.998373 0.0570191 0 4.58142 -0.0570191 0.998373 0 -1.17114 0 0 1 0 
0.99515 0.0983741 0 5.20362 -0.0983741 0.99515 0 -1.20043 0 0 1 0 
0.995099 0.0988863 0 5.80998 -0.0988863 0.995099 0 -1.27557 0 0 1 0 
0.990197 0.13968 0 6.43872 -0.13968 0.990197 0 -1.33628 0 0 1 0 
0.986754 0.162224 0 7.06589 -0.162224 0.986754 0 -1.45166 0 0 1 0 
0.996553 0.0829635 0 7.41658 -0.0829635 0.996553 0 -1.50236 0 0 1 0 
0.872557 0.488512 0 7.42255 -0.488512 0.872557 0 -1.48843 0 0 1 0 
0.85146 0.524419 0 7.90774 -0.524419 0.85146 0 -1.76417 0 0 1 0 
0.741405 0.671058 0 8.38029 -0.671058 0.741405 0 -2.09116 0 0 1 0 
0.670079 0.742289 0 8.81413 -0.742289 0.670079 0 -2.51229 0 0 1 0 
0.549476 0.83551 0 9.19851 -0.83551 0.549476 0 -3.02144 0 0 1 0 
0.469136 0.883126 0 9.52747 -0.883126 0.469136 0 -3.56515 0 0 1 0 
0.411277 0.91151 0 9.79352 -0.91151 0.411277 0 -4.15243 0 0 1 0 
0.394813 0.918762 0 10.0348 -0.918762 0.394813 0 -4.72016 0 0 1 0 
0.396443 0.918059 0 10.2864 -0.918059 0.396443 0 -5.30588 0 0 1 0 
0.379742 0.925092 0 10.5349 -0.925092 0.379742 0 -5.8952 0 0 1 0 
0.538691 0.842503 0 10.7925 -0.842503 0.538691 0 -6.47857 0 0 1 0 
0.500144 0.865942 0 11.1532 -0.865942 0.500144 0 -7.00337 0 0 1 0 
0.300672 0.953728 0 11.464 -0.953728 0.300672 0 -7.55099 0 0 1 0 
0.082909 0.996557 0 11.6086 -0.996557 0.082909 0 -8.1143 0 0 1 0 
0.0446503 0.999003 0 11.6254 -0.999003 0.0446503 0 -8.7212 0 0 1 0 
0.179573 0.983745 0 11.6316 -0.983745 0.179573 0 -9.32673 0 0 1 0 
0.352853 0.935679 0 11.7759 -0.935679 0.352853 0 -9.94866 0 0 1 0 
0.296757 0.954953 0 12.0183 -0.954953 0.296757 0 -10.5368 0 0 1 0 
0.0285517 0.999592 0 12.204 -0.999592 0.0285517 0 -11.1429 0 0 1 0 
-0.201479 0.979493 0 12.1721 -0.979493 -0.201479 0 -11.7751 0 0 1 0 
-0.215633 0.976475 0 12.0114 -0.976475 -0.215633 0 -12.3867 0 0 1 0 
-0.0844191 0.99643 0 11.8471 -0.99643 -0.0844191 0 -12.9999 0 0 1 0 
-0.0798115 0.99681 0 11.8372 -0.99681 -0.0798115 0 -13.5336 0 0 1 0 
-0.149255 0.988799 0 11.7547 -0.988799 -0.149255 0 -14.2969 0 0 1 0 
-0.449662 0.893199 0 11.6163 -0.893199 -0.449662 0 -14.8753 0 0 1 0 
-0.420464 0.907309 0 11.3048 -0.907309 -0.420464 0 -15.3903 0 0 1 0 
-0.213581 0.976925 0 11.07 -0.976925 -0.213581 0 -15.9208 0 0 1 0 
-0.0489001 0.998804 0 10.9752 -0.998804 -0.0489001 0 -16.515 0 0 1 0 
-0.0946256 0.995513 0 10.9541 -0.995513 -0.0946256 0 -17.152 0 0 1 0 
-0.214995 0.976615 0 10.8994 -0.976615 -0.214995 0 -17.7835 0 0 1 0 
-0.219208 0.975678 0 10.7479 -0.975678 -0.219208 0 -18.4066 0 0 1 0 
-0.21229 0.977207 0 10.6139 -0.977207 -0.21229 0 -19.0335 0 0 1 0 
-0.260276 0.965534 0 10.4537 -0.965534 -0.260276 0 -19.6522 0 0 1 0 
-0.276208 0.961098 0 10.2764 -0.961098 -0.276208 0 -20.2759 0 0 1 0 
-0.27538 0.961335 0 10.096 -0.961335 -0.27538 0 -20.8871 0 0 1 0 
-0.305901 0.952063 0 9.9899 -0.952063 -0.305901 0 -21.2413 0 0 1 0 
-0.727613 0.685988 0 10.0008 -0.685988 -0.727613 0 -21.255 0 0 1 0 
-0.978498 0.206255 0 10.0082 -0.206255 -0.978498 0 -21.288 0 0 1 0 
-0.987984 0.154556 0 10.0801 -0.154556 -0.987984 0 -21.0703 0 0 1 0 
-0.999923 -0.0123999 0 9.49371 0.0123999 -0.999923 0 -21.0542 0 0 1 0 
-0.998821 -0.0485515 0 8.8647 0.0485515 -0.998821 0 -21.0408 0 0 1 0 
-0.96688 0.255232 0 8.22875 -0.255232 -0.96688 0 -21.0558 0 0 1 0 
-0.984439 0.175726 0 7.63084 -0.175726 -0.984439 0 -21.2485 0 0 1 0 
-0.999608 0.0279988 0 7.01361 -0.0279988 -0.999608 0 -21.3828 0 0 1 0 
-0.973194 -0.229987 0 6.3828 0.229987 -0.973194 0 -21.361 0 0 1 0 
-0.992093 -0.125503 0 5.77275 0.125503 -0.992093 0 -21.1951 0 0 1 0 
-0.999092 0.0426081 0 5.14929 -0.0426081 -0.999092 0 -21.1013 0 0 1 0 
-0.750555 0.660808 0 4.5334 -0.660808 -0.750555 0 -21.3287 0 0 1 0 
-0.98198 0.188987 0 4.06518 -0.188987 -0.98198 0 -21.716 0 0 1 0 
-0.951104 -0.30887 0 3.47553 0.30887 -0.951104 0 -21.8216 0 0 1 0 
-0.835374 -0.549682 0 3.19573 0.549682 -0.835374 0 -21.5079 0 0 1 0 
-0.973233 -0.229819 0 3.48864 0.229819 -0.973233 0 -21.2955 0 0 1 0 
-0.766075 -0.642751 0 3.20768 0.642751 -0.766075 0 -21.051 0 0 1 0 
-0.826632 -0.562743 0 2.70134 0.562743 -0.826632 0 -20.6437 0 0 1 0 
-0.844358 -0.535779 0 2.17403 0.535779 -0.844358 0 -20.2687 0 0 1 0 
-0.903026 -0.429587 0 1.94329 0.429587 -0.903026 0 -20.073 0 0 1 0 
-0.999371 0.0354511 0 1.58028 -0.0354511 -0.999371 0 -20.0668 0 0 1 0 
-0.977482 0.211019 0 0.92811 -0.211019 -0.977482 0 -20.1183 0 0 1 0 
-0.964832 0.262867 0 0.299954 -0.262867 -0.964832 0 -20.2749 0 0 1 0 
-0.968516 0.248951 0 -0.323369 -0.248951 -0.968516 0 -20.432 0 0 1 0 
-0.997447 0.0714142 0 -0.931126 -0.0714142 -0.997447 0 -20.4907 0 0 1 0 
-0.98171 0.19038 0 -1.51184 -0.19038 -0.98171 0 -20.5491 0 0 1 0 
-0.95604 0.293238 0 -2.09705 -0.293238 -0.95604 0 -20.7222 0 0 1 0 
-0.98725 0.159176 0 -2.71295 -0.159176 -0.98725 0 -20.9119 0 0 1 0 
-0.999519 -0.0310268 0 -3.33857 0.0310268 -0.999519 0 -21.04 0 0 1 0 
-0.947792 -0.318888 0 -3.96631 0.318888 -0.947792 0 -20.9764 0 0 1 0 
-0.901877 -0.431992 0 -4.55431 0.431992 -0.901877 0 -20.7159 0 0 1 0 
-0.979376 -0.202046 0 -5.13334 0.202046 -0.979376 0 -20.443 0 0 1 0 
-0.990993 -0.13391 0 -5.69165 0.13391 -0.990993 0 -20.3557 0 0 1 0 
-0.996365 0.0851913 0 -5.68717 -0.0851913 -0.996365 0 -20.4961 0 0 1 0 
-0.877309 -0.479925 0 -5.70319 0.479925 -0.877309 0 -20.6595 0 0 1 0 
-0.608413 -0.793621 0 -6.0284 0.793621 -0.608413 0 -20.2849 0 0 1 0 
-0.636235 -0.771495 0 -6.3829 0.771495 -0.636235 0 -19.8321 0 0 1 0 
-0.638882 -0.769304 0 -6.76502 0.769304 -0.638882 0 -19.3627 0 0 1 0 
-0.608123 -0.793843 0 -7.14718 0.793843 -0.608123 0 -18.8861 0 0 1 0 
-0.591654 -0.806192 0 -7.01462 0.806192 -0.591654 0 -18.7254 0 0 1 0 
-0.0854792 -0.99634 0 -7.18133 0.99634 -0.0854792 0 -18.7111 0 0 1 0 
-0.32465 -0.945834 0 -7.20874 0.945834 -0.32465 0 -18.1894 0 0 1 0 
-0.356441 -0.934318 0 -7.43331 0.934318 -0.356441 0 -17.6394 0 0 1 0 
-0.403386 -0.91503 0 -7.69681 0.91503 -0.403386 0 -17.063 0 0 1 0 
-0.282835 -0.959169 0 -7.95275 0.959169 -0.282835 0 -16.5319 0 0 1 0 
0.088693 -0.996059 0 -8.44432 0.996059 0.088693 0 -16.5504 0 0 1 0 
0.186862 -0.982386 0 -8.36709 0.982386 0.186862 0 -15.8908 0 0 1 0 
0.24716 -0.968975 0 -8.24128 0.968975 0.24716 0 -15.2737 0 0 1 0 
0.180108 -0.983647 0 -8.09781 0.983647 0.180108 0 -14.6747 0 0 1 0 
0.159953 -0.987125 0 -7.98591 0.987125 0.159953 0 -14.0681 0 0 1 0 
0.219159 -0.975689 0 -7.79411 0.975689 0.219159 0 -13.5162 0 0 1 0 
0.259179 -0.965829 0 -7.61385 0.965829 0.259179 0 -12.7831 0 0 1 0 
0.267236 -0.963631 0 -7.36019 0.963631 0.267236 0 -12.2021 0 0 1 0 
0.0325049 -0.999472 0 -7.19465 0.999472 0.0325049 0 -11.5852 0 0 1 0 
-0.213172 -0.977015 0 -7.22414 0.977015 -0.213172 0 -10.9501 0 0 1 0 
-0.156924 -0.987611 0 -7.31622 0.987611 -0.156924 0 -10.3165 0 0 1 0 
-0.172435 -0.985021 0 -7.45009 0.985021 -0.172435 0 -9.68891 0 0 1 0 
-0.361299 -0.93245 0 -7.65584 0.93245 -0.361299 0 -9.08664 0 0 1 0 
-0.221352 -0.975194 0 -7.90275 0.975194 -0.221352 0 -8.49887 0 0 1 0 
0.0702438 -0.99753 0 -7.94186 0.99753 0.0702438 0 -7.89102 0 0 1 0 
0.0329268 -0.999458 0 -7.90595 0.999458 0.0329268 0 -7.28275 0 0 1 0 
0.0904939 -0.995897 0 -7.88467 0.995897 0.0904939 0 -6.70292 0 0 1 0 
0.0785867 -0.996907 0 -7.74631 0.996907 0.0785867 0 -6.08186 0 0 1 0 
0.0855846 -0.996331 0 -7.68553 0.996331 0.0855846 0 -5.44522 0 0 1 0 
0.0255961 -0.999672 0 -7.62819 0.999672 0.0255961 0 -4.81235 0 0 1 0 
0.0829116 -0.996557 0 -7.58606 0.996557 0.0829116 0 -4.17455 0 0 1 0 
-0.000152138 -1 0 -7.54149 1 -0.000152138 0 -3.53966 0 0 1 0 
0.0142833 -0.999898 0 -7.5612 0.999898 0.0142833 0 -2.9011 0 0 1 0 
0.0180678 -0.999837 0 -7.54515 0.999837 0.0180678 0 -2.26997 0 0 1 0 
-0.0247071 -0.999695 0 -7.55298 0.999695 -0.0247071 0 -1.62555 0 0 1 0 
-0.097498 -0.995236 0 -7.57161 0.995236 -0.097498 0 -1.00895 0 0 1 0 
-0.00944531 -0.999955 0 -7.60435 0.999955 -0.00944531 0 -0.970473 0 0 1 0 
0.565171 -0.824974 0 -7.67401 0.824974 0.565171 0 -0.935688 0 0 1 0 
0.930238 -0.366956 0 -7.59134 0.366956 0.930238 0 -1.00792 0 0 1 0 
0.986846 -0.161662 0 -7.1306 0.161662 0.986846 0 -0.938477 0 0 1 0 
0.980048 -0.198763 0 -6.4922 0.198763 0.980048 0 -0.82978 0 0 1 0 
0.99043 -0.138016 0 -5.87171 0.138016 0.99043 0 -0.70873 0 0 1 0 
0.998507 -0.0546296 0 -5.23733 0.0546296 0.998507 0 -0.621098 0 0 1 0 
0.999252 0.0386644 0 -4.60146 -0.0386644 0.999252 0 -0.584863 0 0 1 0 
0.977091 0.21282 0 -3.96524 -0.21282 0.977091 0 -0.642185 0 0 1 0 
0.96465 0.263534 0 -3.34607 -0.263534 0.96465 0 -0.808966 0 0 1 0 
0.977539 0.210753 0 -2.73034 -0.210753 0.977539 0 -0.98431 0 0 1 0 
0.910768 0.412918 0 -2.1064 -0.412918 0.910768 0 -1.14561 0 0 1 0 
0.940124 0.340832 0 -1.56955 -0.340832 0.940124 0 -1.43437 0 0 1 0 
0.984953 0.172823 0 -0.990407 -0.172823 0.984953 0 -1.62152 0 0 1 0 
0.99814 0.0609683 0 -0.414357 -0.0609683 0.99814 0 -1.72904 0 0 1 0 
0.999419 -0.0340833 0 -0.0886338 0.0340833 0.999419 0 -1.69274 0 0 1 0 
0.992509 -0.122168 0 -0.0941864 0.122168 0.992509 0 -1.65787 0 0 1 0 
0.997047 -0.0767895 0 0.426391 0.0767895 0.997047 0 -1.57047 0 0 1 0 
0.997547 -0.0699957 0 1.04238 0.0699957 0.997547 0 -1.41894 0 0 1 0 
0.999644 -0.0266967 0 1.67821 0.0266967 0.999644 0 -1.36615 0 0 1 0 
0.999648 0.0265351 0 2.32737 -0.0265351 0.999648 0 -1.3664 0 0 1 0 
0.995939 0.090027 0 2.96564 -0.090027 0.995939 0 -1.39339 0 0 1 0 
0.999995 -0.00319015 0 3.61091 0.00319015 0.999995 0 -1.42243 0 0 1 0 
0.999667 0.0258142 0 4.24761 -0.0258142 0.999667 0 -1.42074 0 0 1 0 
0.98734 -0.158619 0 4.53759 0.158619 0.98734 0 -1.43652 0 0 1 0 
0.395687 -0.918385 0 4.53554 0.918385 0.395687 0 -1.41882 0 0 1 0 
-0.0977904 -0.995207 0 4.50497 0.995207 -0.0977904 0 -1.19563 0 0 1 0 
-0.131307 -0.991342 0 4.42266 0.991342 -0.131307 0 -0.566922 0 0 1 0 
-0.106867 -0.994273 0 4.33518 0.994273 -0.106867 0 0.0606762 0 0 1 0 
-0.153711 -0.988116 0 4.25113 0.988116 -0.153711 0 0.69463 0 0 1 0 
-0.158964 -0.987284 0 4.14886 0.987284 -0.158964 0 1.32413 0 0 1 0 
-0.24803 -0.968752 0 4.01269 0.968752 -0.24803 0 1.94716 0 0 1 0 
-0.312849 -0.949803 0 3.91499 0.949803 -0.312849 0 2.28224 0 0 1 0 
-0.960805 -0.277224 0 3.87481 0.277224 -0.960805 0 2.29373 0 0 1 0 
-0.723134 0.690707 0 3.86634 -0.690707 -0.723134 0 2.29005 0 0 1 0 
0.190105 0.981764 0 3.86161 -0.981764 0.190105 0 2.28436 0 0 1 0 
0.92727 0.374393 0 3.87768 -0.374393 0.92727 0 2.27084 0 0 1 0 
0.961796 -0.273766 0 3.88676 0.273766 0.961796 0 2.27005 0 0 1 0 
0.968877 0.247544 0 3.88672 -0.247544 0.968877 0 2.2916 0 0 1 0 
0.663981 0.747749 0 3.90797 -0.747749 0.663981 0 2.27823 0 0 1 0 
0.103452 0.994634 0 3.91451 -0.994634 0.103452 0 2.25594 0 0 1 0 
0.0529272 0.998598 0 3.9464 -0.998598 0.0529272 0 1.61212 0 0 1 0 
-0.0478987 0.998852 0 3.96998 -0.998852 -0.0478987 0 0.963127 0 0 1 0 
-0.11635 0.993208 0 3.93093 -0.993208 -0.11635 0 0.324632 0 0 1 0 
-0.180412 0.983591 0 3.86008 -0.983591 -0.180412 0 -0.312489 0 0 1 0 
-0.247726 0.96883 0 3.73313 -0.96883 -0.247726 0 -0.940137 0 0 1 0 
-0.229344 0.973345 0 3.68804 -0.973345 -0.229344 0 -1.11196 0 0 1 0 
0.726864 0.686781 0 3.65248 -0.686781 0.726864 0 -0.9369 0 0 1 0 
0.974372 -0.224943 0 3.68317 0.224943 0.974372 0 -0.931897 0 0 1 0 
0.399364 -0.916793 0 3.70767 0.916793 0.399364 0 -0.96072 0 0 1 0 
-0.531934 -0.846786 0 3.9578 0.846786 -0.531934 0 -0.97278 0 0 1 0 
-0.999732 -0.0231405 0 3.97513 0.0231405 -0.999732 0 -0.952399 0 0 1 0 
-0.52056 0.853825 0 3.96234 -0.853825 -0.52056 0 -0.923247 0 0 1 0 
0.452148 0.891943 0 3.96356 -0.891943 0.452148 0 -0.938096 0 0 1 0 
0.893562 0.44894 0 4.08649 -0.44894 0.893562 0 -1.00325 0 0 1 0 
0.939583 0.34232 0 4.68147 -0.34232 0.939583 0 -1.27749 0 0 1 0 
0.9766 0.215064 0 5.29096 -0.215064 0.9766 0 -1.44129 0 0 1 0 
0.974897 0.222658 0 5.91043 -0.222658 0.974897 0 -1.58503 0 0 1 0 
0.968946 0.247271 0 6.17207 -0.247271 0.968946 0 -1.64121 0 0 1 0 
0.624407 0.781099 0 6.18066 -0.781099 0.624407 0 -1.6251 0 0 1 0 
0.116244 0.993221 0 6.18945 -0.993221 0.116244 0 -1.71126 0 0 1 0 
0.101767 0.994808 0 6.25186 -0.994808 0.101767 0 -2.29705 0 0 1 0 
0.0636314 0.997973 0 6.29739 -0.997973 0.0636314 0 -2.91243 0 0 1 0 
0.0460351 0.99894 0 6.34646 -0.99894 0.0460351 0 -3.6964 0 0 1 0 
0.0190173 0.999819 0 6.35387 -0.999819 0.0190173 0 -3.96699 0 0 1 0 
-0.264645 0.964346 0 6.22302 -0.964346 -0.264645 0 -3.95256 0 0 1 0 
-0.803052 0.59591 0 6.19121 -0.59591 -0.803052 0 -3.93495 0 0 1 0 
-0.999355 0.0359239 0 6.19876 -0.0359239 -0.999355 0 -3.93805 0 0 1 0 
-0.774893 -0.632092 0 6.19876 0.632092 -0.774893 0 -3.93805 0 0 1 0 
-0.307208 -0.951642 0 6.11838 0.951642 -0.307208 0 -3.9869 0 0 1 0 
0.333429 -0.942775 0 6.11771 0.942775 0.333429 0 -3.96484 0 0 1 0 
0.81601 -0.578037 0 6.12336 0.578037 0.81601 0 -3.95001 0 0 1 0 
0.999995 -0.00321129 0 6.13276 0.00321129 0.999995 0 -3.95289 0 0 1 0 
0.985354 0.17052 0 6.12847 -0.17052 0.985354 0 -4.02239 0 0 1 0 
0.732595 -0.680664 0 6.14112 0.680664 0.732595 0 -4.02231 0 0 1 0 
0.283427 -0.958994 0 6.21309 0.958994 0.283427 0 -3.77684 0 0 1 0 
0.287372 -0.957819 0 6.30067 0.957819 0.287372 0 -3.49295 0 0 1 0 
-0.318409 -0.947953 0 6.20911 0.947953 -0.318409 0 -3.16339 0 0 1 0 
0.171118 -0.985251 0 6.13473 0.985251 0.171118 0 -2.87945 0 0 1 0 
0.66317 -0.748469 0 6.24451 0.748469 0.66317 0 -2.73715 0 0 1 0 
0.659833 -0.751412 0 6.67231 0.751412 0.659833 0 -2.26178 0 0 1 0 
0.692249 -0.721659 0 7.08042 0.721659 0.692249 0 -1.81615 0 0 1 0 
0.850816 -0.525464 0 7.12084 0.525464 0.850816 0 -1.84252 0 0 1 0 
0.99911 0.0421715 0 7.11443 -0.0421715 0.99911 0 -1.78575 0 0 1 0 
0.82798 0.560757 0 7.14895 -0.560757 0.82798 0 -1.72562 0 0 1 0 
0.81481 0.579727 0 7.60025 -0.579727 0.81481 0 -2.05536 0 0 1 0 
0.819091 0.573663 0 8.09706 -0.573663 0.819091 0 -2.39636 0 0 1 0 
0.784833 0.619707 0 8.60527 -0.619707 0.784833 0 -2.77343 0 0 1 0 
0.740683 0.671855 0 8.97618 -0.671855 0.740683 0 -3.06118 0 0 1 0 
0.998611 0.0526792 0 8.99896 -0.0526792 0.998611 0 -3.02555 0 0 1 0 
0.806963 -0.590602 0 9.04636 0.590602 0.806963 0 -2.98868 0 0 1 0 
0.796578 -0.604536 0 9.5752 0.604536 0.796578 0 -2.58475 0 0 1 0 
0.765333 -0.643635 0 10.064 0.643635 0.765333 0 -2.16557 0 0 1 0 
0.706709 -0.707504 0 10.5296 0.707504 0.706709 0 -1.72387 0 0 1 0 
0.617664 -0.786442 0 10.6919 0.786442 0.617664 0 -1.55609 0 0 1 0 
-0.368461 -0.929643 0 10.5814 0.929643 -0.368461 0 -1.46838 0 0 1 0 
-0.981905 -0.189375 0 10.6318 0.189375 -0.981905 0 -1.41216 0 0 1 0 
-0.703868 0.710331 0 10.6088 -0.710331 -0.703868 0 -1.38722 0 0 1 0 
0.261 0.965339 0 10.6021 -0.965339 0.261 0 -1.39644 0 0 1 0 
0.519642 0.854384 0 10.7001 -0.854384 0.519642 0 -1.54455 0 0 1 0 
0.79917 0.601105 0 11.1544 -0.601105 0.79917 0 -1.97783 0 0 1 0 
0.780865 0.6247 0 11.6707 -0.6247 0.780865 0 -2.34912 0 0 1 0 
0.703386 0.710808 0 12.1459 -0.710808 0.703386 0 -2.76029 0 0 1 0 
0.945739 0.324928 0 12.1959 -0.324928 0.945739 0 -2.80818 0 0 1 0 
0.999539 -0.0303455 0 12.0586 0.0303455 0.999539 0 -2.79614 0 0 1 0 
0.481691 -0.876341 0 12.0602 0.876341 0.481691 0 -2.68381 0 0 1 0 
-0.680715 -0.732548 0 12.0664 0.732548 -0.680715 0 -2.65286 0 0 1 0 
-0.986236 0.165344 0 12.0682 -0.165344 -0.986236 0 -2.62612 0 0 1 0 
-0.8858 0.464067 0 12.2881 -0.464067 -0.8858 0 -2.5188 0 0 1 0 
-0.903711 0.428144 0 12.2881 -0.428144 -0.903711 0 -2.51881 0 0 1 0 
-0.924116 0.382113 0 12.295 -0.382113 -0.924116 0 -2.57602 0 0 1 0 
-0.846025 0.533144 0 12.3539 -0.533144 -0.846025 0 -2.67411 0 0 1 0 
-0.668572 0.743647 0 12.2675 -0.743647 -0.668572 0 -2.76579 0 0 1 0 
-0.658238 0.75281 0 11.8307 -0.75281 -0.658238 0 -3.25681 0 0 1 0 
-0.726882 0.686763 0 11.3932 -0.686763 -0.726882 0 -3.71899 0 0 1 0 
-0.883249 0.468905 0 10.8539 -0.468905 -0.883249 0 -4.06481 0 0 1 0 
-0.90018 0.435518 0 10.2923 -0.435518 -0.90018 0 -4.35707 0 0 1 0 
-0.932866 0.360223 0 9.75186 -0.360223 -0.932866 0 -4.59999 0 0 1 0 
-0.620544 0.784171 0 9.60933 -0.784171 -0.620544 0 -4.36273 0 0 1 0 
0.304028 0.952663 0 9.66795 -0.952663 0.304028 0 -4.36186 0 0 1 0 
0.420602 0.907245 0 9.8169 -0.907245 0.420602 0 -4.69239 0 0 1 0 
0.382546 0.923937 0 10.0701 -0.923937 0.382546 0 -5.25477 0 0 1 0 
0.285717 0.958314 0 10.1763 -0.958314 0.285717 0 -5.53321 0 0 1 0 
-0.332825 0.942989 0 10.2906 -0.942989 -0.332825 0 -5.53261 0 0 1 0 
-0.801549 0.597929 0 10.4561 -0.597929 -0.801549 0 -5.60866 0 0 1 0 
-0.906761 0.421646 0 9.95751 -0.421646 -0.906761 0 -5.8536 0 0 1 0 
-0.938576 0.345074 0 9.3762 -0.345074 -0.938576 0 -6.10103 0 0 1 0 
-0.899198 0.437542 0 8.78822 -0.437542 -0.899198 0 -6.33676 0 0 1 0 
-0.895463 0.445136 0 8.20681 -0.445136 -0.895463 0 -6.61099 0 0 1 0 
-0.91816 0.396209 0 7.9363 -0.396209 -0.91816 0 -6.75435 0 0 1 0 
-0.999859 -0.0167839 0 7.64636 0.0167839 -0.999859 0 -6.75883 0 0 1 0 
-0.998163 -0.0605781 0 7.208 0.0605781 -0.998163 0 -6.74619 0 0 1 0 
-0.932075 0.362267 0 7.21372 -0.362267 -0.932075 0 -6.73551 0 0 1 0 
-0.832234 0.554424 0 7.27177 -0.554424 -0.832234 0 -6.70459 0 0 1 0 
-0.0160085 0.999872 0 7.28039 -0.999872 -0.0160085 0 -6.69207 0 0 1 0 
0.939877 0.341513 0 7.29981 -0.341513 0.939877 0 -6.69895 0 0 1 0 
0.999997 0.00240223 0 7.30567 -0.00240223 0.999997 0 -6.67466 0 0 1 0 
1 0.00033445 0 7.30567 -0.00033445 1 0 -6.67466 0 0 1 0 
0.999915 -0.0130497 0 7.34577 0.0130497 0.999915 0 -6.7387 0 0 1 0 
0.999984 -0.00559064 0 7.34577 0.00559064 0.999984 0 -6.7387 0 0 1 0 
0.999946 -0.0103963 0 7.37834 0.0103963 0.999946 0 -6.73809 0 0 1 0 
0.999979 -0.00650383 0 8.0406 0.00650383 0.999979 0 -6.71398 0 0 1 0 
0.99946 0.0328716 0 8.68675 -0.0328716 0.99946 0 -6.71834 0 0 1 0 
0.996989 0.0775454 0 9.02981 -0.0775454 0.996989 0 -6.73491 0 0 1 0 
0.999703 0.0243735 0 9.00673 -0.0243735 0.999703 0 -6.73361 0 0 1 0 
0.792179 0.610289 0 9.01656 -0.610289 0.792179 0 -6.73632 0 0 1 0 
0.234439 0.972131 0 8.95516 -0.972131 0.234439 0 -6.78973 0 0 1 0 
0.00906971 0.999959 0 8.95529 -0.999959 0.00906971 0 -7.31751 0 0 1 0 
-0.0179247 0.999839 0 8.96673 -0.999839 -0.0179247 0 -7.94864 0 0 1 0 
-0.0252946 0.99968 0 8.93376 -0.99968 -0.0252946 0 -8.57995 0 0 1 0 
-0.0159156 0.999873 0 8.92725 -0.999873 -0.0159156 0 -9.21941 0 0 1 0 
-0.0387762 0.999248 0 8.909 -0.999248 -0.0387762 0 -9.68811 0 0 1 0 
-0.456345 0.889803 0 8.89015 -0.889803 -0.456345 0 -9.68786 0 0 1 0 
-0.899521 0.436878 0 8.90132 -0.436878 -0.899521 0 -9.67662 0 0 1 0 
-0.985364 -0.170463 0 8.92592 0.170463 -0.985364 0 -9.67206 0 0 1 0 
-0.695149 -0.718866 0 8.94002 0.718866 -0.695149 0 -9.67796 0 0 1 0 
-0.199643 -0.979869 0 8.81078 0.979869 -0.199643 0 -9.69515 0 0 1 0 
0.381649 -0.924307 0 8.81282 0.924307 0.381649 0 -9.67655 0 0 1 0 
0.868206 -0.496203 0 8.82259 0.496203 0.868206 0 -9.6663 0 0 1 0 
0.748443 -0.663199 0 8.83104 0.663199 0.748443 0 -9.66819 0 0 1 0 
0.213978 -0.976838 0 8.84324 0.976838 0.213978 0 -9.64054 0 0 1 0 
0.189312 -0.981917 0 8.95703 0.981917 0.189312 0 -9.0081 0 0 1 0 
0.08325 -0.996529 0 9.04797 0.996529 0.08325 0 -8.3617 0 0 1 0 
0.0618451 -0.998086 0 9.09637 0.998086 0.0618451 0 -7.71743 0 0 1 0 
0.0122783 -0.999925 0 9.11174 0.999925 0.0122783 0 -7.24213 0 0 1 0 
0.37988 -0.925036 0 9.08758 0.925036 0.37988 0 -7.23884 0 0 1 0 
0.849303 -0.527906 0 9.18044 0.527906 0.849303 0 -7.28197 0 0 1 0 
0.991029 -0.13365 0 9.44643 0.13365 0.991029 0 -7.23888 0 0 1 0 
0.993911 -0.110187 0 10.041 0.110187 0.993911 0 -7.16534 0 0 1 0 
0.999068 -0.0431728 0 10.6718 0.0431728 0.999068 0 -7.11088 0 0 1 0 
0.998898 0.0469296 0 11.0295 -0.0469296 0.998898 0 -7.10594 0 0 1 0 
0.770027 0.638011 0 11.0587 -0.638011 0.770027 0 -7.05791 0 0 1 0 
0.268111 0.963388 0 11.1385 -0.963388 0.268111 0 -7.02508 0 0 1 0 
0.0132325 0.999912 0 11.1497 -0.999912 0.0132325 0 -7.45385 0 0 1 0 
-0.0770986 0.997023 0 11.1274 -0.997023 -0.0770986 0 -8.10343 0 0 1 0 
-0.119819 0.992796 0 11.0753 -0.992796 -0.119819 0 -8.64712 0 0 1 0 
0.660841 0.750526 0 10.9243 -0.750526 0.660841 0 -8.58492 0 0 1 0 
0.985643 0.168844 0 11.1935 -0.168844 0.985643 0 -8.64085 0 0 1 0 
0.986395 0.164393 0 11.7933 -0.164393 0.986395 0 -8.73276 0 0 1 0 
0.97511 0.221724 0 12.3649 -0.221724 0.97511 0 -8.84745 0 0 1 0 
0.963771 0.266731 0 12.9566 -0.266731 0.963771 0 -8.99384 0 0 1 0 
0.95455 0.298052 0 13.5776 -0.298052 0.95455 0 -9.17023 0 0 1 0 
0.927521 0.373771 0 14.1795 -0.373771 0.927521 0 -9.3932 0 0 1 0 
0.93551 0.3533 0 14.6413 -0.3533 0.93551 0 -9.57429 0 0 1 0 
0.847705 0.530468 0 14.6562 -0.530468 0.847705 0 -9.54908 0 0 1 0 
0.369796 0.929113 0 14.6729 -0.929113 0.369796 0 -9.56796 0 0 1 0 
-0.259034 0.965868 0 14.6841 -0.965868 -0.259034 0 -9.57085 0 0 1 0 
-0.779297 0.626655 0 14.683 -0.626655 -0.779297 0 -9.57858 0 0 1 0 
-0.994714 0.102683 0 14.6776 -0.102683 -0.994714 0 -9.57744 0 0 1 0 
-0.852877 -0.522112 0 14.6728 0.522112 -0.852877 0 -9.57573 0 0 1 0 
-0.445207 -0.895428 0 14.6787 0.895428 -0.445207 0 -9.57952 0 0 1 0 
0.165747 -0.986168 0 14.6819 0.986168 0.165747 0 -9.58839 0 0 1 0 
0.58171 -0.813397 0 14.6888 0.813397 0.58171 0 -9.59659 0 0 1 0 
0.0593018 -0.99824 0 14.744 0.99824 0.0593018 0 -9.61941 0 0 1 0 
-0.807625 -0.589696 0 14.7387 0.589696 -0.807625 0 -9.60233 0 0 1 0 
-0.957109 -0.289728 0 14.7234 0.289728 -0.957109 0 -9.64128 0 0 1 0 
-0.95641 -0.292027 0 14.7234 0.292027 -0.95641 0 -9.64128 0 0 1 0 
-0.966875 -0.255251 0 14.281 0.255251 -0.966875 0 -9.50974 0 0 1 0 
-0.966674 -0.25601 0 13.6679 0.25601 -0.966674 0 -9.36267 0 0 1 0 
-0.969434 -0.245353 0 13.0507 0.245353 -0.969434 0 -9.19284 0 0 1 0 
-0.976281 -0.216505 0 12.4262 0.216505 -0.976281 0 -9.05763 0 0 1 0 
-0.983702 -0.179805 0 11.7991 0.179805 -0.983702 0 -8.92158 0 0 1 0 
-0.988919 -0.148457 0 11.3181 0.148457 -0.988919 0 -8.84908 0 0 1 0 
-0.944191 0.329398 0 11.2919 -0.329398 -0.944191 0 -8.72233 0 0 1 0 
-0.296336 0.955084 0 11.3435 -0.955084 -0.296336 0 -8.7605 0 0 1 0 
0.00236416 0.999997 0 11.3438 -0.999997 0.00236416 0 -9.00604 0 0 1 0 
-0.0514782 0.998674 0 11.3261 -0.998674 -0.0514782 0 -9.6282 0 0 1 0 
-0.111056 0.993814 0 11.2837 -0.993814 -0.111056 0 -10.2598 0 0 1 0 
0.0277553 0.999615 0 11.2722 -0.999615 0.0277553 0 -10.8914 0 0 1 0 
0.115312 0.993329 0 11.308 -0.993329 0.115312 0 -11.5258 0 0 1 0 
-0.0813886 0.996682 0 11.3553 -0.996682 -0.0813886 0 -12.1583 0 0 1 0 
-0.202797 0.979221 0 11.2548 -0.979221 -0.202797 0 -12.7804 0 0 1 0 
-0.0613888 0.998114 0 11.0901 -0.998114 -0.0613888 0 -13.3923 0 0 1 0 
0.22665 0.973976 0 11.2479 -0.973976 0.22665 0 -13.9709 0 0 1 0 
0.143022 0.98972 0 11.3669 -0.98972 0.143022 0 -14.5681 0 0 1 0 
0.0470629 0.998892 0 11.432 -0.998892 0.0470629 0 -15.2836 0 0 1 0 
0.0151691 0.999885 0 11.4476 -0.999885 0.0151691 0 -15.7514 0 0 1 0 
0.777956 0.628319 0 11.2563 -0.628319 0.777956 0 -15.6935 0 0 1 0 
0.998839 0.0481649 0 11.5277 -0.0481649 0.998839 0 -15.7135 0 0 1 0 
0.978432 0.206569 0 12.1517 -0.206569 0.978432 0 -15.7653 0 0 1 0 
0.956637 0.291283 0 12.7699 -0.291283 0.956637 0 -15.9147 0 0 1 0 
0.949544 0.313634 0 13.3764 -0.313634 0.949544 0 -16.1139 0 0 1 0 
0.931804 0.362963 0 13.9833 -0.362963 0.931804 0 -16.3236 0 0 1 0 
0.927805 0.373065 0 14.3279 -0.373065 0.927805 0 -16.4642 0 0 1 0 
0.873507 -0.486812 0 14.2791 0.486812 0.873507 0 -16.4756 0 0 1 0 
-0.158188 -0.987409 0 14.2048 0.987409 -0.158188 0 -16.4356 0 0 1 0 
-0.904973 -0.425469 0 14.7031 0.425469 -0.904973 0 -16.2197 0 0 1 0 
-0.978467 -0.206403 0 14.6117 0.206403 -0.978467 0 -16.2015 0 0 1 0 
-0.979303 -0.202398 0 13.9645 0.202398 -0.979303 0 -16.0783 0 0 1 0 
-0.982993 -0.183642 0 13.3421 0.183642 -0.982993 0 -15.9408 0 0 1 0 
-0.988308 -0.152468 0 12.7137 0.152468 -0.988308 0 -15.853 0 0 1 0 
-0.992171 -0.124888 0 12.0853 0.124888 -0.992171 0 -15.7641 0 0 1 0 
-0.99057 -0.137005 0 11.5292 0.137005 -0.99057 0 -15.6967 0 0 1 0 
-0.964305 0.264795 0 11.334 -0.264795 -0.964305 0 -15.6688 0 0 1 0 
-0.279532 0.960136 0 11.198 -0.960136 -0.279532 0 -15.5841 0 0 1 0 
-0.0132436 0.999912 0 11.1859 -0.999912 -0.0132436 0 -16.0126 0 0 1 0 
0.158574 0.987347 0 11.2186 -0.987347 0.158574 0 -16.6531 0 0 1 0 
0.0266018 0.999646 0 11.3309 -0.999646 0.0266018 0 -17.2452 0 0 1 0 
-0.203675 0.979039 0 11.348 -0.979039 -0.203675 0 -17.8164 0 0 1 0 
-0.440247 0.897877 0 11.1804 -0.897877 -0.440247 0 -18.3955 0 0 1 0 
-0.460159 0.887836 0 10.8658 -0.887836 -0.460159 0 -18.9393 0 0 1 0 
-0.326051 0.945352 0 10.5376 -0.945352 -0.326051 0 -19.4834 0 0 1 0 
-0.358315 0.933601 0 10.3274 -0.933601 -0.358315 0 -20.0838 0 0 1 0 
-0.384727 0.923031 0 10.0839 -0.923031 -0.384727 0 -20.6854 0 0 1 0 
-0.470351 0.882479 0 9.82516 -0.882479 -0.470351 0 -21.2691 0 0 1 0 
-0.38811 0.921613 0 9.78361 -0.921613 -0.38811 0 -21.4916 0 0 1 0 
0.569392 0.822066 0 9.80274 -0.822066 0.569392 0 -21.5003 0 0 1 0 
0.956304 0.292373 0 9.87618 -0.292373 0.956304 0 -21.3863 0 0 1 0 
0.953811 0.300407 0 9.87619 -0.300407 0.953811 0 -21.3863 0 0 1 0 
0.983881 0.178822 0 10.229 -0.178822 0.983881 0 -21.4556 0 0 1 0 
0.970243 0.242135 0 10.8333 -0.242135 0.970243 0 -21.5839 0 0 1 0 
0.961312 0.275463 0 11.3923 -0.275463 0.961312 0 -21.7382 0 0 1 0 
0.939247 0.343241 0 11.9999 -0.343241 0.939247 0 -21.936 0 0 1 0 
0.900816 0.4342 0 12.5877 -0.4342 0.900816 0 -22.1828 0 0 1 0 
0.957887 0.287145 0 13.1733 -0.287145 0.957887 0 -22.4074 0 0 1 0 
0.970868 0.239615 0 13.7971 -0.239615 0.970868 0 -22.5479 0 0 1 0 
0.9614 0.275154 0 13.9124 -0.275154 0.9614 0 -22.5773 0 0 1 0 
0.935585 -0.353102 0 13.9093 0.353102 0.935585 0 -22.4954 0 0 1 0 
0.135149 -0.990825 0 13.9199 0.990825 0.135149 0 -22.4833 0 0 1 0 
-0.641551 -0.76708 0 13.9456 0.76708 -0.641551 0 -22.5496 0 0 1 0 
-0.98803 0.154265 0 13.936 -0.154265 -0.98803 0 -22.5316 0 0 1 0 
-0.46774 0.883866 0 13.926 -0.883866 -0.46774 0 -22.5383 0 0 1 0 
0.319039 0.947741 0 13.9281 -0.947741 0.319039 0 -22.5586 0 0 1 0 
-0.153975 0.988075 0 13.9654 -0.988075 -0.153975 0 -22.5627 0 0 1 0 
-0.702256 0.711924 0 13.9661 -0.711924 -0.702256 0 -22.5778 0 0 1 0 
-0.98687 0.161517 0 13.965 -0.161517 -0.98687 0 -22.5865 0 0 1 0 
-0.915762 -0.401722 0 13.8242 0.401722 -0.915762 0 -22.5372 0 0 1 0 
-0.897851 -0.440299 0 13.2235 0.440299 -0.897851 0 -22.2723 0 0 1 0 
-0.931247 -0.364388 0 12.6376 0.364388 -0.931247 0 -22.0118 0 0 1 0 
-0.970621 -0.240615 0 12.0265 0.240615 -0.970621 0 -21.8039 0 0 1 0 
-0.962349 -0.271818 0 11.4064 0.271818 -0.962349 0 -21.6391 0 0 1 0 
-0.982657 -0.185432 0 10.8084 0.185432 -0.982657 0 -21.4929 0 0 1 0 
-0.830126 -0.557575 0 10.7535 0.557575 -0.830126 0 -21.652 0 0 1 0 
-0.461088 -0.887355 0 10.7535 0.887355 -0.461088 0 -21.6519 0 0 1 0 
-0.833537 -0.552463 0 10.9296 0.552463 -0.833537 0 -21.4445 0 0 1 0 
-0.998356 0.0573194 0 10.7118 -0.0573194 -0.998356 0 -21.4527 0 0 1 0 
-0.991621 -0.129183 0 10.1102 0.129183 -0.991621 0 -21.3925 0 0 1 0 
-0.997326 -0.0730785 0 9.47418 0.0730785 -0.997326 0 -21.3236 0 0 1 0 
-0.980971 -0.194154 0 8.86203 0.194154 -0.980971 0 -21.2674 0 0 1 0 
-0.833749 0.552143 0 8.84443 -0.552143 -0.833749 0 -21.3027 0 0 1 0 
-0.151655 0.988434 0 8.8484 -0.988434 -0.151655 0 -21.3298 0 0 1 0 
0.278621 0.960401 0 8.9079 -0.960401 0.278621 0 -21.8392 0 0 1 0 
-0.250957 0.967998 0 9.04384 -0.967998 -0.250957 0 -22.4029 0 0 1 0 
-0.0927203 0.995692 0 8.83129 -0.995692 -0.0927203 0 -22.9941 0 0 1 0 
-0.189513 0.981878 0 8.79652 -0.981878 -0.189513 0 -23.341 0 0 1 0 
-0.450049 0.893004 0 8.77951 -0.893004 -0.450049 0 -23.4048 0 0 1 0 
-0.218624 0.975809 0 8.75626 -0.975809 -0.218624 0 -23.4854 0 0 1 0 
0.659333 0.751851 0 8.89472 -0.751851 0.659333 0 -23.4093 0 0 1 0 
0.989692 -0.143212 0 8.86527 0.143212 0.989692 0 -23.5503 0 0 1 0 
0.391379 -0.920229 0 8.78689 0.920229 0.391379 0 -23.6482 0 0 1 0 
-0.537523 -0.843249 0 8.77737 0.843249 -0.537523 0 -23.6432 0 0 1 0 
-0.202129 -0.979359 0 8.76994 0.979359 -0.202129 0 -23.6231 0 0 1 0 
-0.219098 -0.975703 0 8.64551 0.975703 -0.219098 0 -22.9853 0 0 1 0 
-0.293452 -0.955974 0 8.48324 0.955974 -0.293452 0 -22.3591 0 0 1 0 
-0.335558 -0.942019 0 8.28768 0.942019 -0.335558 0 -21.7483 0 0 1 0 
-0.377633 -0.925955 0 8.06374 0.925955 -0.377633 0 -21.1463 0 0 1 0 
-0.451275 -0.892385 0 7.9343 0.892385 -0.451275 0 -20.8486 0 0 1 0 
-0.966021 -0.258462 0 7.88352 0.258462 -0.966021 0 -20.8715 0 0 1 0 
