1 2.43906e-07 -8.65132e-08 6.62364e-09 -2.43906e-07 1 1.20745e-08 9.9547e-09 8.65132e-08 -1.20745e-08 1 4.18372e-09
0.992115 -0.125227 0.00516225 0.258134 0.125233 0.992127 -0.000900256 -0.0450053 -0.00500887 0.00153964 0.999986 -0.000686574
0.968583 -0.248466 0.0105474 0.527412 0.248491 0.968634 -0.00111815 -0.055891 -0.00993871 0.00370394 0.999944 -0.00281279
0.929777 -0.367774 0.0160632 0.803226 0.36783 0.929893 -0.000612488 -0.0305967 -0.0147118 0.006478 0.999871 -0.00646106
0.876307 -0.481268 0.0216108 1.08063 0.481368 0.876518 0.000645323 0.0323062 -0.0192528 0.00983725 0.999766 -0.0116885
0.809017 -0.58716 0.0270863 1.35442 0.587315 0.809354 0.0026702 0.133565 -0.0234902 0.013748 0.99963 -0.0185249
0.728969 -0.68378 0.0323828 1.61926 0.684 0.729462 0.00546269 0.273205 -0.0273573 0.0181677 0.999461 -0.0269713
0.637424 -0.769605 0.037392 1.86973 0.769897 0.638104 0.00900831 0.450504 -0.0307928 0.0230459 0.99926 -0.0369989
0.535827 -0.843282 0.042007 2.10049 0.843653 0.536724 0.0132774 0.663979 -0.0337428 0.028325 0.999029 -0.0485484
0.425779 -0.903651 0.0461237 2.30633 0.904104 0.426923 0.0182253 0.911392 -0.0361606 0.0339407 0.998769 -0.0615302
0.309017 -0.94976 0.0496435 2.48233 0.950297 0.310435 0.0237923 1.18976 -0.0380081 0.0398238 0.998484 -0.0758252
0.187382 -0.980885 0.0524751 2.62391 0.981502 0.189099 0.0299047 1.49541 -0.0392561 0.0459009 0.998174 -0.091286
0.0627907 -0.996536 0.0545366 2.72697 0.997229 0.0648306 0.0364757 1.82399 -0.039885 0.0520951 0.997845 -0.107739
-0.0627903 -0.996468 0.055757 2.78799 0.997229 -0.0604095 0.0434065 2.17055 -0.0398849 0.0583281 0.9975 -0.124986
-0.187381 -0.980685 0.0560788 2.80408 0.981503 -0.184645 0.0505876 2.52962 -0.0392558 0.0645207 0.997144 -0.142808
-0.309017 -0.949438 0.0554588 2.77306 0.950297 -0.305914 0.0579009 2.89531 -0.0380077 0.0705946 0.996781 -0.16097
-0.425779 -0.903222 0.0538693 2.69358 0.904104 -0.422305 0.0652213 3.26135 -0.03616 0.0764733 0.996416 -0.179221
-0.535827 -0.842768 0.0512997 2.56508 0.843654 -0.531981 0.0724194 3.62126 -0.0337423 0.0820834 0.996054 -0.197302
-0.637424 -0.769032 0.0477569 2.38792 0.769898 -0.633213 0.0793629 3.96845 -0.0307923 0.0873557 0.995701 -0.214948
-0.728968 -0.683179 0.0432654 2.16334 0.684 -0.724404 0.0859195 4.29629 -0.0273568 0.0922262 0.995362 -0.231896
-0.809017 -0.586564 0.0378682 1.89346 0.587316 -0.804117 0.0919595 4.5983 -0.0234897 0.0966374 0.995042 -0.247885
-0.876307 -0.480715 0.0316259 1.58134 0.481369 -0.871094 0.0973582 4.86824 -0.0192524 0.100539 0.994747 -0.262667
-0.929776 -0.367301 0.0246163 1.23084 0.367831 -0.924282 0.101998 5.10021 -0.0147114 0.10389 0.99448 -0.276005
-0.968583 -0.248113 0.0169338 0.846701 0.248491 -0.962842 0.10577 5.28882 -0.00993827 0.106655 0.994246 -0.287684
-0.992115 -0.125032 0.00868758 0.434372 0.125233 -0.986168 0.108579 5.42926 -0.00500837 0.108811 0.99405 -0.297511
-1 -7.31543e-08 8.53271e-07 -7.14403e-07 1.6686e-07 -0.993894 0.110342 5.51743 8.39988e-07 0.110342 0.993894 -0.305323
-0.992115 0.12501 -0.0089923 -0.449684 -0.125233 -0.985899 0.110994 5.55002 0.00500988 0.111245 0.99378 -0.310986
-0.968583 0.248026 -0.0181474 -0.907463 -0.248491 -0.962312 0.110486 5.52459 0.00993986 0.111524 0.993712 -0.314403
-0.929777 0.367109 -0.0273134 -1.36576 -0.36783 -0.923508 0.108787 5.43965 0.0147126 0.111194 0.99369 -0.315515
-0.876307 0.480381 -0.0363327 -1.81674 -0.481368 -0.870099 0.105888 5.29471 0.0192537 0.11028 0.993714 -0.314302
-0.809017 0.586056 -0.0450473 -2.25248 -0.587315 -0.80293 0.101801 5.09033 0.0234911 0.108816 0.993784 -0.310786
-0.728969 0.682469 -0.053299 -2.66508 -0.684 -0.723064 0.0965563 4.8281 0.027358 0.106843 0.993899 -0.305031
-0.637424 0.7681 -0.0609333 -3.0468 -0.769897 -0.63176 0.0902077 4.51067 0.0307934 0.104413 0.994057 -0.297144
-0.535827 0.841601 -0.0678014 -3.39022 -0.843653 -0.530461 0.0828293 4.14173 0.0337433 0.101583 0.994255 -0.287272
-0.42578 0.901815 -0.0737641 -3.68836 -0.904104 -0.420765 0.0745145 3.72598 0.036161 0.0984172 0.994488 -0.275602
-0.309017 0.947795 -0.0786937 -3.93485 -0.950297 -0.304405 0.065376 3.26904 0.0380084 0.0949847 0.994753 -0.262359
-0.187381 0.978819 -0.0824766 -4.124 -0.981503 -0.183215 0.0555437 2.77742 0.0392562 0.0913589 0.995044 -0.247804
-0.0627905 0.994399 -0.0850159 -4.25097 -0.997229 -0.059108 0.0451633 2.25838 0.0398853 0.0876162 0.995356 -0.232227
0.0627902 0.994294 -0.0862336 -4.31186 -0.997229 0.0659585 0.0343936 1.71987 0.0398852 0.0838351 0.995681 -0.215947
0.187381 0.978509 -0.086072 -4.30378 -0.981503 0.190013 0.0234044 1.17039 0.0392562 0.0800943 0.996014 -0.199302
0.309017 0.947296 -0.0844957 -4.22495 -0.950297 0.311099 0.0123737 0.618831 0.0380081 0.0764723 0.996347 -0.18265
0.425779 0.90115 -0.081492 -4.07477 -0.904104 0.427309 0.00148521 0.074378 0.0361607 0.0730449 0.996673 -0.166356
0.535827 0.840803 -0.0770729 -3.85381 -0.843654 0.536811 -0.00907549 -0.453681 0.0337429 0.0698857 0.996984 -0.150792
0.637424 0.76721 -0.0712744 -3.56387 -0.769898 0.63788 -0.0191233 -0.956095 0.0307929 0.0670637 0.997273 -0.136329
0.728968 0.681534 -0.064157 -3.20799 -0.684001 0.728925 -0.0284774 -1.42382 0.0273573 0.0646425 0.997533 -0.123329
0.809017 0.585131 -0.0558047 -2.79036 -0.587316 0.808513 -0.0369637 -1.84815 0.0234903 0.0626793 0.997757 -0.112138
0.876307 0.479522 -0.0463251 -2.31637 -0.481369 0.875392 -0.0444192 -2.22094 0.0192526 0.0612244 0.997938 -0.103084
0.929776 0.366375 -0.0358472 -1.79245 -0.367831 0.92851 -0.0506939 -2.53469 0.0147115 0.0603197 0.998071 -0.0964657
0.968583 0.247478 -0.0245198 -1.22606 -0.248491 0.967034 -0.0556543 -2.78271 0.00993828 0.0599988 0.998149 -0.0925515
0.992115 0.124707 -0.0125099 -0.62554 -0.125232 0.990361 -0.0591854 -2.95928 0.00500846 0.0602854 0.998169 -0.0915693
1 -8.90843e-07 2.55034e-07 -7.80146e-07 9.0478e-07 0.998126 -0.0611943 -3.05972 -2.00042e-07 0.0611943 0.998126 -0.0937068
0.992115 -0.124677 0.0128158 0.640809 0.125234 0.990212 -0.0616111 -3.08055 -0.00500893 0.0627302 0.998018 -0.099103
0.968583 -0.247355 0.0257324 1.28666 0.248491 0.96675 -0.0603909 -3.01953 -0.0099388 0.0648878 0.997843 -0.107847
0.929777 -0.366101 0.0385387 1.927 0.36783 0.928113 -0.0575154 -2.87575 -0.0147118 0.0676522 0.9976 -0.119977
0.876307 -0.479043 0.0510211 2.55115 0.481368 0.874915 -0.0529937 -2.64965 -0.0192529 0.0709987 0.997291 -0.135473
0.809017 -0.584403 0.0629664 3.14843 0.587315 0.808 -0.0468626 -2.34308 -0.0234903 0.0748937 0.996915 -0.154262
0.728969 -0.680517 0.0741655 3.7084 0.683999 0.728429 -0.0391864 -1.95926 -0.0273574 0.0792949 0.996476 -0.176216
0.637424 -0.765875 0.0844175 4.22101 0.769898 0.637459 -0.0300569 -1.50276 -0.0307929 0.0841518 0.995977 -0.201151
0.535827 -0.839131 0.0935324 4.67676 0.843653 0.536531 -0.0195918 -0.979491 -0.0337429 0.0894067 0.995423 -0.228831
0.425779 -0.899135 0.101336 5.06693 0.904104 0.427238 -0.00793404 -0.396581 -0.0361607 0.0949962 0.994821 -0.258971
0.309016 -0.944942 0.107671 5.38368 0.950297 0.311309 0.00475095 0.23769 -0.0380081 0.100851 0.994175 -0.29124
0.187382 -0.975835 0.112402 5.62022 0.981502 0.190575 0.018277 0.914019 -0.0392562 0.106898 0.993495 -0.325266
0.0627908 -0.991331 0.115417 5.77098 0.997229 0.0669413 0.0324402 1.62221 -0.0398851 0.11306 0.992787 -0.36064
-0.0627891 -0.991189 0.116631 5.83168 0.99723 -0.0576388 0.047022 2.35132 -0.0398852 0.11926 0.992062 -0.396926
-0.187381 -0.975416 0.115986 5.79944 0.981503 -0.181203 0.0617922 3.08984 -0.039256 0.125419 0.991327 -0.433663
-0.309018 -0.944265 0.113455 5.67288 0.950297 -0.301798 0.0765126 3.82589 -0.0380076 0.13146 0.990593 -0.470375
-0.425779 -0.898233 0.109041 5.45214 0.904104 -0.417522 0.0909421 4.54737 -0.0361603 0.137305 0.989869 -0.506579
-0.535826 -0.83805 0.102776 5.13891 0.843654 -0.526552 0.104838 5.24219 -0.0337425 0.142883 0.989164 -0.541791
-0.637424 -0.764668 0.0947279 4.73647 0.769898 -0.62717 0.117963 5.89847 -0.0307924 0.148123 0.988489 -0.575536
-0.728969 -0.67925 0.0849911 4.24962 0.684 -0.717789 0.130088 6.50471 -0.0273568 0.152964 0.987853 -0.607355
-0.809017 -0.583148 0.0736918 3.68464 0.587316 -0.796982 0.140995 7.05006 -0.0234899 0.157348 0.987264 -0.636812
-0.876306 -0.477879 0.0609837 3.04922 0.481369 -0.863504 0.150482 7.52442 -0.0192525 0.161224 0.98673 -0.663503
-0.929776 -0.365106 0.0470469 2.35238 0.367831 -0.916308 0.158368 7.9187 -0.0147115 0.164552 0.986259 -0.687068
-0.968583 -0.246611 0.0320851 1.60427 0.248491 -0.954565 0.164492 8.22494 -0.00993831 0.167297 0.985856 -0.707185
-0.992115 -0.124265 0.0163224 0.81612 0.125233 -0.977675 0.168723 8.43649 -0.00500844 0.169437 0.985528 -0.72359
-1 5.7474e-08 4.58205e-07 -5.50174e-07 2.17051e-08 -0.985279 0.170956 8.54813 4.61285e-07 0.170956 0.985279 -0.736073
-0.992115 0.124225 -0.0166253 -0.831336 -0.125232 -0.977259 0.171118 8.55619 0.00500988 0.171851 0.98511 -0.744489
-0.968583 0.24645 -0.033292 -1.66465 -0.24849 -0.953748 0.169167 8.45864 0.00993902 0.172125 0.985025 -0.748752
-0.929777 0.364749 -0.0497275 -2.48645 -0.367829 -0.91512 0.165097 8.25513 0.0147122 0.171794 0.985023 -0.748853
-0.876307 0.477258 -0.0656613 -3.28317 -0.481369 -0.861988 0.158935 7.94705 0.0192538 0.170883 0.985103 -0.744846
-0.809017 0.582202 -0.0808263 -4.04143 -0.587316 -0.795196 0.150745 7.53753 0.0234913 0.169426 0.985263 -0.736855
-0.728969 0.677928 -0.0949625 -4.74825 -0.684 -0.7158 0.140623 7.03142 0.0273581 0.167464 0.985499 -0.725076
-0.637425 0.762931 -0.107822 -5.39126 -0.769897 -0.625056 0.128699 6.43522 0.0307935 0.165048 0.985805 -0.709769
-0.535827 0.835874 -0.119176 -5.95893 -0.843653 -0.524398 0.115135 5.75703 0.0337432 0.162236 0.986175 -0.691255
-0.425779 0.895611 -0.128812 -6.44075 -0.904104 -0.415416 0.100124 5.00642 0.0361611 0.15909 0.986602 -0.669921
-0.309017 0.941203 -0.136546 -6.82746 -0.950297 -0.299833 0.0838814 4.19431 0.0380084 0.15568 0.987076 -0.646201
-0.187381 0.971937 -0.14222 -7.11118 -0.981503 -0.179473 0.0666515 3.3328 0.0392565 0.152079 0.987588 -0.620578
-0.062791 0.987333 -0.145708 -7.28559 -0.997229 -0.0562339 0.0486958 2.435 0.0398852 0.148362 0.988128 -0.593581
0.0627902 0.987154 -0.146917 -7.34604 -0.997229 0.0679395 0.030293 1.51483 0.0398853 0.144608 0.988685 -0.565761
0.187382 0.971408 -0.14579 -7.28968 -0.981502 0.19109 0.0117328 0.586807 0.0392564 0.140895 0.989246 -0.537703
0.309017 0.94035 -0.142307 -7.1155 -0.950297 0.311274 -0.00668687 -0.334206 0.0380084 0.1373 0.9898 -0.509999
0.425778 0.894475 -0.136485 -6.8244 -0.904105 0.426598 -0.0246664 -1.23321 0.0361608 0.133899 0.990335 -0.483249
0.535827 0.834511 -0.128381 -6.41921 -0.843653 0.53525 -0.0419081 -2.09532 0.0337432 0.130765 0.990839 -0.458047
0.637423 0.761411 -0.11809 -5.90464 -0.769898 0.635514 -0.0581221 -2.90604 0.0307931 0.127966 0.9913 -0.434978
0.728968 0.676332 -0.105743 -5.28728 -0.684001 0.725816 -0.0730297 -3.65145 0.0273579 0.125565 0.991708 -0.414593
0.809017 0.580619 -0.091507 -4.57547 -0.587316 0.804736 -0.086371 -4.31851 0.0234904 0.123619 0.992052 -0.397416
0.876307 0.475788 -0.0755825 -3.77923 -0.481369 0.871033 -0.0979051 -4.89524 0.0192528 0.122178 0.992321 -0.383927
0.929777 0.363495 -0.0582002 -2.9101 -0.36783 0.923668 -0.107419 -5.37092 0.0147115 0.121283 0.992509 -0.374554
0.968583 0.245513 -0.0396181 -1.98098 -0.248491 0.961816 -0.114727 -5.73635 0.00993837 0.120967 0.992607 -0.369664
0.992115 0.123709 -0.0201178 -1.00593 -0.125234 0.984882 -0.119679 -5.98395 0.00500821 0.121255 0.992609 -0.369561
1 9.77088e-07 4.28669e-07 2.67968e-06 -9.17404e-07 0.992511 -0.122159 -6.10797 -5.44818e-07 0.122159 0.992511 -0.374476
0.992115 -0.123658 0.0204214 1.02108 0.125232 0.984587 -0.122091 -6.10455 -0.00500919 0.123685 0.992309 -0.384561
0.968583 -0.245317 0.0408207 2.04108 0.248491 0.961242 -0.119437 -5.97186 -0.0099388 0.125828 0.992002 -0.399891
0.929776 -0.363058 0.0608695 3.04356 0.367831 0.922853 -0.114202 -5.71013 -0.0147116 0.128572 0.991591 -0.420455
0.876307 -0.475024 0.08024 4.01211 0.481369 0.870032 -0.106434 -5.32168 -0.0192528 0.131894 0.991077 -0.446162
0.809017 -0.579454 0.0986103 4.93064 0.587316 0.803618 -0.0962194 -4.81094 -0.0234903 0.135758 0.990463 -0.476834
0.728968 -0.674704 0.11567 5.78364 0.684001 0.724665 -0.0836884 -4.18437 -0.0273572 0.140125 0.989756 -0.512213
0.637424 -0.759274 0.131126 6.55646 0.769898 0.634425 -0.0690091 -3.45039 -0.0307931 0.144942 0.988961 -0.551961
0.535826 -0.831835 0.144707 7.23551 0.843654 0.534326 -0.0523874 -2.61929 -0.0337431 0.150153 0.988087 -0.595668
0.425779 -0.891248 0.156168 7.80853 0.904104 0.425952 -0.0340634 -1.70307 -0.036161 0.155696 0.987143 -0.642854
0.309018 -0.936582 0.165294 8.26485 0.950296 0.311018 -0.014308 -0.715272 -0.0380088 0.1615 0.986141 -0.692977
0.18738 -0.967128 0.171906 8.59547 0.981503 0.191335 0.00658079 0.329199 -0.0392562 0.167494 0.985091 -0.74544
0.0627906 -0.98241 0.175864 8.79336 0.997229 0.0688008 0.0282831 1.41434 -0.0398852 0.173601 0.984008 -0.799604
-0.0627914 -0.982194 0.177068 8.85351 0.997229 -0.0546557 0.0504611 2.52327 -0.0398848 0.179746 0.982904 -0.854792
-0.18738 -0.96649 0.175459 8.77307 0.981503 -0.177081 0.072765 3.63848 -0.0392562 0.185848 0.981794 -0.910305
-0.309016 -0.935553 0.171027 8.55143 0.950297 -0.296549 0.0948381 4.74214 -0.0380083 0.191833 0.980691 -0.96543
-0.42578 -0.889876 0.163803 8.19026 0.904104 -0.411176 0.116322 5.81635 -0.0361603 0.197623 0.979611 -1.01945
-0.535827 -0.830189 0.153868 7.69348 0.843653 -0.519151 0.136864 6.84347 -0.0337425 0.203147 0.978567 -1.07166
-0.637424 -0.757438 0.141344 7.06727 0.769898 -0.618776 0.156122 7.80638 -0.0307926 0.208336 0.977572 -1.12138
-0.728968 -0.672777 0.126398 6.31997 0.684001 -0.708482 0.173769 8.68876 -0.027357 0.213129 0.976641 -1.16795
-0.809017 -0.577546 0.109239 5.462 0.587316 -0.78686 0.189502 9.47539 -0.0234901 0.217468 0.975785 -1.21076
-0.876306 -0.473251 0.0901131 4.50569 0.481369 -0.852677 0.203042 10.1524 -0.0192526 0.221305 0.975015 -1.24927
-0.929777 -0.361542 0.0693013 3.46509 0.36783 -0.9049 0.214144 10.7075 -0.0147114 0.224597 0.974341 -1.28297
-0.968583 -0.244187 0.047116 2.35582 0.248492 -0.94271 0.222598 11.1302 -0.00993882 0.227313 0.973771 -1.31145
-0.992115 -0.123035 0.023896 1.19481 0.125234 -0.965518 0.228236 11.4121 -0.00500901 0.229428 0.973313 -1.33437
-1 -7.77321e-07 3.03608e-07 -8.64205e-07 8.26422e-07 -0.97297 0.230929 11.5468 1.15895e-07 0.230929 0.97297 -1.35148
-0.992115 0.122976 -0.0241966 -1.20987 -0.125234 -0.964956 0.2306 11.5303 0.00500956 0.231812 0.972748 -1.36261
-0.968583 0.243953 -0.048311 -2.4156 -0.248492 -0.941608 0.227214 11.361 0.00993943 0.23208 0.972646 -1.36771
-0.929776 0.361024 -0.071955 -3.59782 -0.36783 -0.903301 0.220788 11.0397 0.0147126 0.231751 0.972664 -1.3668
-0.876307 0.472344 -0.0947443 -4.73729 -0.481368 -0.850647 0.211387 10.5696 0.0192533 0.230846 0.9728 -1.36001
-0.809017 0.576164 -0.116302 -5.81523 -0.587315 -0.784481 0.199124 9.95648 0.0234911 0.229401 0.973048 -1.34758
-0.728969 0.670846 -0.13627 -6.81362 -0.683999 -0.705853 0.184163 9.20839 0.027358 0.227457 0.973404 -1.32982
-0.637423 0.754904 -0.154308 -7.71551 -0.769898 -0.616007 0.166708 8.33566 0.030794 0.225065 0.973857 -1.30715
-0.535827 0.827015 -0.170103 -8.5053 -0.843653 -0.516369 0.14701 7.35075 0.0337436 0.22228 0.974399 -1.28006
-0.42578 0.886049 -0.183377 -9.169 -0.904104 -0.408512 0.125357 6.2681 0.0361607 0.219167 0.975017 -1.24914
-0.309018 0.931083 -0.193887 -9.69449 -0.950297 -0.294139 0.102073 5.10385 0.0380084 0.215792 0.975699 -1.21503
-0.187382 0.961412 -0.201431 -10.0717 -0.981502 -0.175058 0.0775095 3.87569 0.0392565 0.212229 0.976431 -1.17844
-0.0627907 0.976566 -0.205855 -10.2929 -0.997229 -0.0531483 0.052046 2.6025 0.0398855 0.208552 0.977198 -1.14012
0.0627911 0.976313 -0.20705 -10.3527 -0.997229 0.069667 0.0260787 1.30412 0.0398855 0.204839 0.977983 -1.10087
0.187381 0.960666 -0.204962 -10.2483 -0.981503 0.191449 1.72806e-05 0.00102572 0.0392563 0.201167 0.97877 -1.0615
0.309017 0.929879 -0.199584 -9.97937 -0.950297 0.310281 -0.0257224 -1.28599 0.0380085 0.197613 0.979543 -1.02285
0.42578 0.884445 -0.190966 -9.54845 -0.904104 0.424291 -0.0507254 -2.53617 0.0361614 0.194251 0.980285 -0.985744
0.535826 0.825091 -0.179208 -8.96054 -0.843654 0.531682 -0.0745839 -3.72911 0.0337433 0.191154 0.98098 -0.951
0.637423 0.752757 -0.164464 -8.22328 -0.769898 0.630767 -0.0969025 -4.84509 0.0307941 0.188388 0.981612 -0.919409
0.728969 0.668592 -0.146933 -7.34675 -0.684 0.719988 -0.117309 -5.86541 0.0273585 0.186017 0.982166 -0.891715
0.809017 0.57393 -0.126867 -6.34342 -0.587315 0.797943 -0.135454 -6.77269 0.0234909 0.184096 0.982628 -0.868617
0.876306 0.470271 -0.104557 -5.22792 -0.481369 0.863409 -0.151025 -7.55118 0.0192528 0.182674 0.982985 -0.850745
0.929776 0.359252 -0.0803354 -4.01684 -0.367831 0.915363 -0.163741 -8.18702 0.0147117 0.181793 0.983227 -0.838651
0.968583 0.24263 -0.0545683 -2.72847 -0.248492 0.952992 -0.17337 -8.66849 0.00993835 0.181483 0.983344 -0.832804
0.992115 0.122245 -0.0276508 -1.38257 -0.125233 0.975713 -0.179724 -8.9862 0.00500894 0.18177 0.983328 -0.83358
1 1.18312e-06 2.32306e-08 -1.37901e-06 -1.15897e-06 0.983175 -0.182667 -9.13333 -2.38956e-07 0.182667 0.983175 -0.841253
0.992115 -0.122177 0.02795 1.39753 0.125233 0.97527 -0.182113 -9.10567 -0.00500887 0.184177 0.98288 -0.85599
0.968583 -0.242359 0.0557561 2.78786 0.248491 0.952132 -0.178036 -8.9018 -0.00993868 0.186297 0.982443 -0.877846
0.929777 -0.358652 0.0829726 4.14871 0.36783 0.914136 -0.170462 -8.5231 -0.0147119 0.189011 0.981865 -0.906769
0.876307 -0.469224 0.109159 5.45803 0.481369 0.861889 -0.159475 -7.97377 -0.019253 0.192295 0.981148 -0.94259
0.809017 -0.572334 0.133885 6.69437 0.587316 0.796224 -0.145216 -7.26077 -0.0234906 0.196115 0.9803 -0.98503
0.728968 -0.666362 0.156742 7.83721 0.684001 0.718185 -0.127877 -6.3938 -0.0273575 0.200429 0.979326 -1.0337
0.637424 -0.749827 0.177344 8.86734 0.769898 0.629013 -0.107703 -5.38509 -0.0307934 0.205189 0.978238 -1.08812
0.535827 -0.821421 0.19534 9.76713 0.843653 0.530119 -0.0849867 -4.24926 -0.0337436 0.210337 0.977046 -1.14769
0.42578 -0.880021 0.210415 10.5209 0.904104 0.42307 -0.0600653 -3.00317 -0.0361613 0.215811 0.975765 -1.21174
0.309017 -0.924712 0.222298 11.115 0.950297 0.309558 -0.0333135 -1.66556 -0.0380086 0.221543 0.97441 -1.27953
0.187381 -0.954796 0.230767 11.5385 0.981502 0.19138 -0.00513978 -0.256849 -0.0392569 0.227462 0.972995 -1.35023
0.06279 -0.969807 0.235653 11.7828 0.997229 0.0704022 0.0240203 1.20118 -0.0398855 0.233492 0.97154 -1.42298
-0.0627904 -0.969517 0.23684 11.8422 0.997229 -0.0514641 0.0537115 2.68577 -0.0398855 0.239557 0.970063 -1.49687
-0.187382 -0.953941 0.234274 11.7138 0.981502 -0.172298 0.0834653 4.17348 -0.0392561 0.245581 0.968581 -1.57095
-0.309017 -0.923333 0.227957 11.3979 0.950297 -0.290191 0.112807 5.64061 -0.0380079 0.251486 0.967114 -1.64428
-0.425779 -0.878185 0.217952 10.8977 0.904105 -0.403285 0.141266 7.06353 -0.036161 0.257199 0.965682 -1.71592
-0.535827 -0.819218 0.204383 10.2192 0.843653 -0.509802 0.168377 8.4191 -0.0337428 0.262649 0.964301 -1.78493
-0.637424 -0.747369 0.18743 9.37157 0.769898 -0.608062 0.193695 9.68503 -0.0307927 0.267768 0.962991 -1.85044
-0.728969 -0.663781 0.167332 8.36664 0.684 -0.696521 0.216799 10.8402 -0.0273569 0.272495 0.961768 -1.91158
-0.809017 -0.569778 0.144377 7.21889 0.587316 -0.773789 0.237299 11.8652 -0.0234899 0.276774 0.960648 -1.96759
-0.876306 -0.46685 0.118905 5.94526 0.481369 -0.838654 0.254841 12.7423 -0.0192525 0.280556 0.959645 -2.01776
-0.929776 -0.356625 0.091296 4.56481 0.367831 -0.890099 0.269118 13.4562 -0.0147115 0.283801 0.95877 -2.06147
-0.968583 -0.240846 0.0619709 3.09855 0.248492 -0.927321 0.27987 13.9938 -0.00993858 0.286477 0.958036 -2.09821
-0.992115 -0.121342 0.0313805 1.56902 0.125234 -0.949742 0.286892 14.3449 -0.00500867 0.28856 0.957449 -2.12756
-1 6.09624e-07 2.57605e-07 1.74715e-06 -5.08704e-07 -0.957015 0.290037 14.5022 4.23346e-07 0.290037 0.957015 -2.14923
-0.992115 0.121264 -0.0316771 -1.58388 -0.125233 -0.949036 0.289218 14.4612 0.005009 0.290905 0.956739 -2.16305
-0.968583 0.240538 -0.0631494 -3.1575 -0.24849 -0.925939 0.28441 14.2208 0.00993873 0.291166 0.956621 -2.16895
-0.929777 0.355943 -0.093913 -4.69571 -0.36783 -0.888098 0.275651 13.7828 0.0147123 0.290838 0.956659 -2.16704
-0.876307 0.465662 -0.123472 -6.17365 -0.481369 -0.836117 0.263046 13.1525 0.0192537 0.289944 0.95685 -2.1575
-0.809018 0.567967 -0.151343 -7.56723 -0.587315 -0.770826 0.246758 12.3381 0.0234913 0.288517 0.957187 -2.14066
-0.728969 0.66125 -0.177067 -8.85345 -0.684 -0.69326 0.227012 11.3508 0.0273582 0.286598 0.95766 -2.11699
-0.637425 0.744046 -0.200215 -10.0109 -0.769897 -0.604653 0.204092 10.2048 0.0307934 0.284238 0.958259 -2.08704
-0.535827 0.815056 -0.220393 -11.0198 -0.843653 -0.506405 0.178334 8.91692 0.0337438 0.281492 0.95897 -2.05149
-0.425779 0.873168 -0.237255 -11.8629 -0.904104 -0.400074 0.150121 7.50628 0.0361614 0.278422 0.959778 -2.0111
-0.309017 0.917474 -0.250501 -12.5252 -0.950297 -0.28734 0.119881 5.99427 0.0380087 0.275096 0.960665 -1.96673
-0.187381 0.947284 -0.259888 -12.9945 -0.981502 -0.169986 0.0880772 4.40405 0.0392568 0.271584 0.961614 -1.9193
-0.062791 0.962138 -0.26523 -13.2616 -0.997229 -0.0498639 0.055201 2.76024 0.0398856 0.267962 0.962604 -1.8698
0.0627891 0.961813 -0.266408 -13.3205 -0.99723 0.0711302 0.0217666 1.08851 0.0398851 0.264303 0.963614 -1.81926
0.187381 0.946323 -0.263366 -13.1684 -0.981503 0.191091 -0.0116984 -0.584756 0.0392563 0.260686 0.964625 -1.76873
0.309017 0.915923 -0.256114 -12.8058 -0.950297 0.308126 -0.0446617 -2.23295 0.0380085 0.257185 0.965614 -1.71928
0.42578 0.871102 -0.244732 -12.2367 -0.904104 0.420392 -0.0765947 -3.82963 0.0361614 0.253875 0.966561 -1.67196
0.535826 0.812578 -0.229364 -11.4683 -0.843654 0.526121 -0.10698 -5.34892 0.0337433 0.250827 0.967444 -1.6278
0.637424 0.741281 -0.21022 -10.5111 -0.769897 0.623656 -0.135321 -6.76598 0.0307938 0.248105 0.968244 -1.58781
0.728969 0.658347 -0.187572 -9.37869 -0.684 0.71146 -0.161149 -8.05737 0.0273584 0.245772 0.968942 -1.55291
0.809016 0.565092 -0.16175 -8.0876 -0.587317 0.788157 -0.184031 -9.20148 0.0234904 0.243883 0.96952 -1.52398
0.876307 0.462991 -0.133139 -6.65702 -0.481369 0.852549 -0.203578 -10.1788 0.0192531 0.242486 0.969964 -1.50179
0.929777 0.353662 -0.10217 -5.10852 -0.36783 0.903627 -0.21945 -10.9724 0.0147121 0.241621 0.970259 -1.48702
0.968583 0.238836 -0.0693143 -3.46573 -0.248492 0.940597 -0.231364 -11.5681 0.0099387 0.241319 0.970395 -1.48024
0.992115 0.120325 -0.0350802 -1.75401 -0.125234 0.962886 -0.239097 -11.9548 0.005009 0.241604 0.970362 -1.48189
1 7.06989e-08 -5.19157e-07 -4.37466e-06 -1.94479e-07 0.970154 -0.24249 -12.1245 4.86518e-07 0.24249 0.970154 -1.49229
0.992115 -0.120238 0.0353739 1.76874 0.125233 0.962298 -0.241454 -12.0727 -0.00500841 0.24398 0.969767 -1.51162
0.968583 -0.238493 0.0704826 3.52419 0.248491 0.939453 -0.235968 -11.7984 -0.00993841 0.246069 0.969201 -1.53993
0.929777 -0.352901 0.104765 5.23831 0.36783 0.901991 -0.226083 -11.3041 -0.0147119 0.248742 0.968458 -1.5771
0.876307 -0.461664 0.137668 6.88349 0.481369 0.850514 -0.211919 -10.596 -0.019253 0.251975 0.967542 -1.6229
0.809017 -0.563068 0.168658 8.433 0.587316 0.785845 -0.193668 -9.68339 -0.0234909 0.255736 0.966461 -1.67695
0.728969 -0.65552 0.197226 9.8614 0.684 0.709015 -0.171586 -8.57926 -0.0273584 0.259983 0.965226 -1.73873
0.637423 -0.737569 0.222897 11.145 0.769898 0.621243 -0.145993 -7.2996 -0.0307935 0.264667 0.963848 -1.8076
0.535827 -0.807928 0.24524 12.2621 0.843654 0.523925 -0.117268 -5.86332 -0.0337436 0.269733 0.962344 -1.88281
0.425779 -0.865496 0.263873 13.1938 0.904104 0.418601 -0.0858421 -4.29202 -0.0361614 0.275118 0.96073 -1.9635
0.309017 -0.909375 0.278468 13.9236 0.950297 0.30694 -0.0521942 -2.6096 -0.0380089 0.280757 0.959026 -2.0487
0.187381 -0.938885 0.288763 14.4383 0.981502 0.190707 -0.0168413 -0.841938 -0.0392572 0.286577 0.957253 -2.13738
0.0627904 -0.953569 0.294558 14.728 0.997229 0.0717406 0.0196675 0.983521 -0.0398861 0.292507 0.955431 -2.22844
-0.0627915 -0.953207 0.295726 14.7864 0.997229 -0.0480819 0.0567605 2.8382 -0.0398855 0.29847 0.953585 -2.32075
-0.187382 -0.937817 0.292211 14.6107 0.981502 -0.166867 0.0938528 4.69284 -0.0392563 0.304392 0.951738 -2.41312
-0.309017 -0.907653 0.284033 14.2017 0.950297 -0.282743 0.130355 6.51794 -0.0380085 0.310197 0.949912 -2.50438
-0.425779 -0.863202 0.271284 13.5643 0.904104 -0.393885 0.16568 8.28423 -0.036161 0.315812 0.948132 -2.59337
-0.535827 -0.805175 0.254131 12.7066 0.843653 -0.498543 0.199259 9.96317 -0.0337429 0.321167 0.946421 -2.67893
-0.637424 -0.734499 0.232814 11.6407 0.769898 -0.595069 0.230543 11.5274 -0.0307931 0.326196 0.9448 -2.75997
-0.728969 -0.652297 0.207638 10.3819 0.684 -0.681949 0.259016 12.9511 -0.0273571 0.330839 0.943291 -2.83547
-0.809017 -0.559875 0.178974 8.94873 0.587316 -0.757818 0.284205 14.2105 -0.0234899 0.335041 0.941911 -2.90446
-0.876307 -0.458698 0.147251 7.36254 0.481369 -0.821487 0.305684 15.2845 -0.0192525 0.338755 0.940678 -2.96611
-0.929776 -0.35037 0.112948 5.64743 0.367832 -0.871962 0.323083 16.1544 -0.0147117 0.34194 0.939606 -3.01967
-0.968583 -0.236602 0.0765933 3.82966 0.248492 -0.908457 0.336092 16.8049 -0.00993822 0.344566 0.938709 -3.06452
-0.992115 -0.119194 0.0387471 1.93735 0.125233 -0.930406 0.344474 17.224 -0.00500852 0.34661 0.937996 -3.10019
-1 -1.55215e-07 -5.24409e-09 -5.78122e-07 1.43685e-07 -0.937473 0.348058 17.4032 -5.894e-08 0.348058 0.937473 -3.12634
-0.992115 0.119098 -0.0390383 -1.95194 -0.125233 -0.929559 0.346752 17.3379 0.00500904 0.348906 0.937144 -3.14278
-0.968583 0.236223 -0.0777502 -3.88757 -0.248491 -0.906799 0.340539 17.0272 0.00993946 0.349161 0.93701 -3.14948
-0.929776 0.349531 -0.115518 -5.776 -0.367831 -0.869564 0.329482 16.4743 0.0147133 0.348836 0.937068 -3.14656
-0.876307 0.457234 -0.151736 -7.58688 -0.481368 -0.818453 0.313719 15.6862 0.0192543 0.347955 0.937313 -3.1343
-0.809018 0.557641 -0.185816 -9.29087 -0.587315 -0.75428 0.293466 14.6735 0.0234915 0.346552 0.937737 -3.11314
-0.728969 0.649175 -0.217201 -10.8601 -0.683999 -0.678069 0.269011 13.4508 0.0273583 0.344666 0.938327 -3.08364
-0.637424 0.730399 -0.245372 -12.2687 -0.769897 -0.59103 0.240712 12.0358 0.0307935 0.342346 0.939069 -3.04652
-0.535826 0.800042 -0.269858 -13.493 -0.843654 -0.494542 0.208989 10.4497 0.0337434 0.339649 0.939947 -3.00263
-0.425779 0.857013 -0.290245 -14.5123 -0.904104 -0.390137 0.174322 8.71633 0.0361611 0.336634 0.940941 -2.95293
-0.309017 0.900424 -0.306177 -15.3089 -0.950297 -0.279467 0.13724 6.86222 0.0380081 0.333369 0.94203 -2.89846
-0.187382 0.929604 -0.31737 -15.8686 -0.981502 -0.164278 0.0983144 4.91591 0.0392564 0.329922 0.943192 -2.84038
-0.0627908 0.944104 -0.323612 -16.1806 -0.997229 -0.0463921 0.0581493 2.90764 0.039886 0.326366 0.944401 -2.77989
0.0627901 0.943707 -0.324768 -16.2384 -0.997229 0.0723302 0.0173736 0.868836 0.0398861 0.322777 0.945634 -2.71826
0.18738 0.928432 -0.320783 -16.0392 -0.981503 0.190017 -0.02337 -1.16834 0.0392566 0.319228 0.946864 -2.65675
0.309017 0.898533 -0.311684 -15.5843 -0.950297 0.304815 -0.0634341 -3.17155 0.0380085 0.315795 0.948066 -2.59668
0.425779 0.854493 -0.297581 -14.8791 -0.904104 0.414916 -0.102178 -5.10873 0.0361609 0.312549 0.949213 -2.53932
0.535827 0.797018 -0.27866 -13.9331 -0.843653 0.518589 -0.138977 -6.94868 0.0337433 0.30956 0.950281 -2.48592
0.637424 0.727028 -0.255189 -12.7595 -0.769898 0.614205 -0.173233 -8.66151 0.0307932 0.306893 0.951246 -2.43767
0.728968 0.645636 -0.227509 -11.3755 -0.684001 0.700264 -0.204386 -10.2191 0.0273572 0.304607 0.952085 -2.3957
0.809017 0.554134 -0.196029 -9.80147 -0.587315 0.775419 -0.231918 -11.5958 0.0234906 0.302757 0.952778 -2.36104
0.876307 0.453976 -0.161223 -8.06117 -0.481369 0.838493 -0.255369 -12.7683 0.0192529 0.301389 0.953307 -2.33462
0.929776 0.346748 -0.123621 -6.18105 -0.367831 0.888504 -0.274337 -13.7167 0.0147119 0.300544 0.953655 -2.31723
0.968583 0.234146 -0.0838005 -4.19001 -0.248492 0.924676 -0.288491 -14.4244 0.00993931 0.300251 0.953808 -2.30954
0.992115 0.117951 -0.0423783 -2.11888 -0.125233 0.94645 -0.297573 -14.8785 0.0050098 0.300534 0.953758 -2.31206
1 5.58528e-07 -7.76317e-07 -4.25156e-06 -7.6654e-07 0.953496 -0.301405 -15.0701 5.71873e-07 0.301405 0.953496 -2.32515
0.992115 -0.117847 0.0426655 2.13331 0.125232 0.945718 -0.29989 -14.9944 -0.00500854 0.302868 0.953019 -2.34901
0.968583 -0.233732 0.0849449 4.2473 0.24849 0.923252 -0.293016 -14.6507 -0.00993839 0.304918 0.952327 -2.38365
0.929776 -0.34583 0.126164 6.30827 0.367831 0.886465 -0.280857 -14.0428 -0.0147112 0.307541 0.951421 -2.42893
0.876306 -0.452375 0.165662 8.28316 0.481369 0.835951 -0.26357 -13.1784 -0.0192526 0.310713 0.950309 -2.48454
0.809017 -0.551692 0.2028 10.14 0.587316 0.772521 -0.241396 -12.0697 -0.0234908 0.314401 0.949 -2.54999
0.728968 -0.642222 0.236972 11.8486 0.684 0.697185 -0.214653 -10.7326 -0.0273582 0.318564 0.947506 -2.62465
0.637424 -0.722546 0.267616 13.3808 0.769898 0.611145 -0.183736 -9.18675 -0.0307942 0.323155 0.945845 -2.70773
0.535826 -0.791406 0.294222 14.7112 0.843654 0.515766 -0.14911 -7.45539 -0.0337437 0.328119 0.944034 -2.7983
0.425779 -0.847726 0.316343 15.8172 0.904104 0.412563 -0.111298 -5.56477 -0.0361612 0.333395 0.942093 -2.89531
0.309017 -0.89063 0.333596 16.6799 0.950297 0.30317 -0.0708799 -3.54386 -0.0380086 0.338919 0.940048 -2.9976
0.187381 -0.919454 0.345678 17.284 0.981503 0.189319 -0.0284803 -1.42387 -0.039257 0.34462 0.937921 -3.10392
0.0627901 -0.933756 0.35236 17.6181 0.997229 0.0728096 0.0152407 0.762172 -0.0398863 0.350427 0.93574 -3.21296
-0.0627907 -0.933323 0.353503 17.6752 0.997229 -0.0445172 0.0595972 2.98 -0.0398865 0.356266 0.933533 -3.32334
-0.187381 -0.918178 0.349053 17.4527 0.981503 -0.16081 0.103889 5.19462 -0.0392574 0.362063 0.931327 -3.43366
-0.309017 -0.888571 0.339044 16.9523 0.950297 -0.274237 0.147413 7.37084 -0.0380081 0.367745 0.92915 -3.54251
-0.425779 -0.844983 0.323599 16.18 0.904104 -0.383009 0.189473 9.47389 -0.0361605 0.373241 0.92703 -3.64851
-0.535827 -0.788115 0.302928 15.1464 0.843653 -0.485415 0.229393 11.4699 -0.0337428 0.378481 0.924994 -3.75029
-0.637424 -0.718875 0.277325 13.8663 0.769898 -0.579846 0.266526 13.3265 -0.0307929 0.383402 0.923068 -3.84657
-0.728968 -0.638368 0.247166 12.3583 0.684001 -0.66482 0.300263 15.0134 -0.0273575 0.387944 0.921277 -3.93613
-0.809017 -0.547874 0.2129 10.645 0.587316 -0.739005 0.330047 16.5026 -0.0234902 0.392053 0.919643 -4.01786
-0.876306 -0.448828 0.175044 8.75223 0.48137 -0.801241 0.355381 17.7694 -0.0192524 0.395684 0.918185 -4.09075
-0.929776 -0.3428 0.134178 6.70888 0.36783 -0.850558 0.375836 18.7921 -0.0147108 0.398798 0.916921 -4.15396
-0.968583 -0.231471 0.0909285 4.54642 0.248491 -0.886187 0.391055 19.553 -0.00993804 0.401364 0.915865 -4.20677
-0.992115 -0.116599 0.0459685 2.29842 0.125233 -0.907582 0.400764 20.0385 -0.00500849 0.403361 0.915027 -4.24862
-1 -7.74545e-07 1.45197e-08 -5.6099e-07 7.14134e-07 -0.914417 0.404774 20.239 -3.00238e-07 0.404774 0.914417 -4.27915
-0.992115 0.116485 -0.0462535 -2.31269 -0.125232 -0.906598 0.402986 20.1496 0.00500857 0.4056 0.914037 -4.29816
-0.968583 0.231023 -0.0920604 -4.60306 -0.248491 -0.884261 0.395391 19.7699 0.00993906 0.405846 0.913888 -4.30562
-0.929776 0.341806 -0.136692 -6.83464 -0.367831 -0.847773 0.382076 19.1041 0.0147124 0.405525 0.913966 -4.30171
-0.876307 0.447091 -0.179432 -8.97167 -0.481369 -0.797721 0.363215 18.161 0.019254 0.404661 0.914264 -4.28678
-0.809017 0.545225 -0.219592 -10.9797 -0.587315 -0.734908 0.339074 16.9539 0.0234918 0.403287 0.914772 -4.26136
-0.728969 0.634667 -0.256519 -12.826 -0.684 -0.660336 0.310002 15.5003 0.0273588 0.401441 0.915476 -4.22615
-0.637424 0.714015 -0.289609 -14.4805 -0.769897 -0.575192 0.276429 13.8216 0.0307936 0.399171 0.916359 -4.182
-0.535827 0.782028 -0.318311 -15.9156 -0.843653 -0.480827 0.23886 11.9432 0.0337426 0.396532 0.917401 -4.12994
-0.425779 0.837645 -0.342145 -17.1073 -0.904104 -0.378739 0.197869 9.8937 0.0361604 0.393583 0.918577 -4.07111
-0.309017 0.880001 -0.360704 -18.0353 -0.950297 -0.270544 0.154085 7.70445 0.0380082 0.39039 0.919865 -4.00675
-0.187381 0.908441 -0.373661 -18.6831 -0.981503 -0.157953 0.108183 5.40934 0.0392569 0.387021 0.921235 -3.93824
-0.062791 0.922532 -0.380779 -19.039 -0.997229 -0.042747 0.0608793 3.04413 0.039886 0.383546 0.92266 -3.86698
0.06279 0.922065 -0.381909 -19.0955 -0.997229 0.0732578 0.012915 0.645898 0.0398863 0.38004 0.92411 -3.79448
0.187381 0.907062 -0.376997 -18.8499 -0.981502 0.188231 -0.034954 -1.74755 0.0392573 0.376574 0.925555 -3.72223
0.309016 0.877775 -0.366087 -18.3044 -0.950297 0.300361 -0.0819687 -4.09825 0.0380082 0.373221 0.926964 -3.65176
0.425779 0.834681 -0.349314 -17.4657 -0.904104 0.407885 -0.127378 -6.36868 0.0361603 0.370051 0.928307 -3.58458
0.535827 0.778472 -0.326912 -16.3456 -0.843653 0.509112 -0.170452 -8.52239 0.033743 0.367133 0.929556 -3.52213
0.637424 0.710048 -0.299202 -14.9601 -0.769897 0.602453 -0.210495 -10.5246 0.0307932 0.36453 0.930683 -3.46581
0.728969 0.630502 -0.266593 -13.3296 -0.684 0.686444 -0.246856 -12.3426 0.0273576 0.3623 0.93166 -3.41693
0.809017 0.5411 -0.229572 -11.4786 -0.587316 0.759772 -0.278936 -13.9466 0.0234901 0.360495 0.932465 -3.37668
0.876306 0.443259 -0.188702 -9.4351 -0.481369 0.821294 -0.306202 -15.3099 0.0192529 0.359162 0.933077 -3.34612
0.929776 0.338533 -0.144608 -7.23042 -0.367831 0.870051 -0.328195 -16.4096 0.0147119 0.358339 0.933476 -3.32618
0.968583 0.228578 -0.0979721 -4.89858 -0.248491 0.905289 -0.344535 -17.2266 0.00993973 0.358056 0.933647 -3.3176
0.992115 0.115138 -0.0495171 -2.47581 -0.125234 0.926466 -0.354933 -17.7465 0.0050096 0.358336 0.933579 -3.32098
1 4.0072e-07 -1.25205e-06 -6.98488e-06 -8.237e-07 0.933265 -0.359189 -17.9593 1.02456e-06 0.359189 0.933265 -3.33672
0.992115 -0.115015 0.0497967 2.48989 0.125232 0.925594 -0.357201 -17.8599 -0.00500797 0.360621 0.932699 -3.365
0.968583 -0.228096 0.0990889 4.9545 0.248491 0.90359 -0.348966 -17.4482 -0.00993807 0.362625 0.931882 -3.40585
0.929776 -0.337461 0.147091 7.35459 0.36783 0.867616 -0.334579 -16.7288 -0.0147116 0.365188 0.930818 -3.45908
0.876307 -0.441389 0.193035 9.65177 0.481369 0.818255 -0.314233 -15.7115 -0.0192531 0.368286 0.929513 -3.52428
0.809017 -0.538248 0.236181 11.809 0.587316 0.7563 -0.288219 -14.4108 -0.0234906 0.371887 0.927981 -3.6009
0.728968 -0.626517 0.275829 13.7914 0.684 0.682743 -0.256916 -12.8457 -0.0273582 0.375951 0.926235 -3.68816
0.637424 -0.704815 0.311332 15.5666 0.769898 0.598755 -0.220792 -11.0395 -0.0307938 0.380432 0.924296 -3.78513
0.535827 -0.771917 0.342103 17.1051 0.843653 0.505675 -0.180393 -9.01952 -0.0337441 0.385276 0.922184 -3.89071
0.425779 -0.826778 0.367628 18.3814 0.904104 0.404979 -0.136336 -6.81667 -0.0361616 0.390423 0.919925 -4.00369
0.309016 -0.868546 0.387474 19.3737 0.950297 0.298264 -0.0892996 -4.46483 -0.0380087 0.395811 0.917545 -4.12269
0.187381 -0.896577 0.401296 20.0648 0.981502 0.187221 -0.0400122 -2.00046 -0.0392572 0.401371 0.915074 -4.24625
0.0627902 -0.910443 0.408841 20.4421 0.997229 0.0736059 0.0107565 0.537967 -0.0398863 0.407033 0.912542 -4.37285
-0.0627903 -0.909942 0.409956 20.4978 0.997229 -0.0407864 0.0622095 3.11063 -0.0398864 0.412726 0.909981 -4.50089
-0.187381 -0.895097 0.404587 20.2294 0.981502 -0.154152 0.113535 5.67691 -0.0392569 0.418377 0.907425 -4.62874
-0.309017 -0.866158 0.392784 19.6393 0.950297 -0.264701 0.163919 8.19612 -0.0380088 0.423915 0.904904 -4.75478
-0.42578 -0.823596 0.3747 18.7351 0.904104 -0.370697 0.212556 10.628 -0.0361606 0.42927 0.902452 -4.87739
-0.535827 -0.7681 0.350588 17.5294 0.843653 -0.470467 0.258669 12.9336 -0.033743 0.434377 0.900099 -4.99502
-0.637423 -0.700558 0.320797 16.0399 0.769898 -0.562449 0.30151 15.0757 -0.0307932 0.43917 0.897876 -5.10617
-0.728968 -0.622047 0.285768 14.2884 0.684001 -0.6452 0.340383 17.0194 -0.027357 0.443594 0.89581 -5.20946
-0.809017 -0.533819 0.246028 12.3014 0.587316 -0.717423 0.374652 18.7328 -0.0234897 0.447596 0.893928 -5.30361
-0.876307 -0.437275 0.202182 10.1091 0.481369 -0.777992 0.403747 20.1876 -0.0192521 0.451131 0.89225 -5.38748
-0.929777 -0.333947 0.154904 7.74518 0.36783 -0.825964 0.427182 21.3593 -0.0147111 0.454162 0.890798 -5.46009
-0.968583 -0.225474 0.104922 5.24613 0.248492 -0.860596 0.444552 22.2279 -0.00993905 0.456658 0.889587 -5.52065
-0.992115 -0.113568 0.0530174 2.65087 0.125234 -0.881357 0.455552 22.7779 -0.0050088 0.458599 0.888629 -5.56854
-1 2.48025e-07 5.3368e-07 2.66923e-06 2.52485e-08 -0.887933 0.459972 22.9989 5.87957e-07 0.459972 0.887933 -5.60334
-0.992115 0.113437 -0.0532948 -2.66477 -0.125233 -0.880238 0.457709 22.8857 0.00500918 0.460774 0.887504 -5.62483
-0.968583 0.224957 -0.106026 -5.3013 -0.248492 -0.858408 0.448762 22.4384 0.0099388 0.46101 0.887339 -5.63303
-0.929776 0.3328 -0.157353 -7.86766 -0.36783 -0.822803 0.433239 21.6622 0.0147115 0.460694 0.887437 -5.62815
-0.876307 0.435273 -0.206456 -10.3228 -0.481369 -0.774 0.41135 20.5678 0.0192531 0.45985 0.887788 -5.61061
-0.809017 0.530766 -0.252545 -12.6273 -0.587316 -0.712781 0.38341 19.1707 0.0234917 0.458509 0.888379 -5.58102
-0.728969 0.61778 -0.294876 -14.7439 -0.684 -0.640128 0.349829 17.4916 0.027359 0.45671 0.889195 -5.54023
-0.637425 0.694954 -0.332759 -16.638 -0.769897 -0.557198 0.311109 15.5556 0.0307936 0.454499 0.890215 -5.48922
-0.535828 0.761083 -0.36557 -18.2786 -0.843653 -0.46531 0.267837 13.3921 0.0337428 0.451929 0.891416 -5.42919
-0.425779 0.815138 -0.392762 -19.6382 -0.904104 -0.365921 0.220675 11.034 0.0361607 0.449057 0.892771 -5.36144
-0.309017 0.856279 -0.413878 -20.694 -0.950297 -0.260608 0.170351 8.5178 0.0380083 0.445948 0.894251 -5.28744
-0.187382 0.883873 -0.428551 -21.4277 -0.981502 -0.151038 0.117646 5.8825 0.0392562 0.442669 0.895825 -5.20874
-0.0627906 0.897502 -0.436518 -21.826 -0.997229 -0.0389413 0.0633807 3.16922 0.0398857 0.439288 0.897461 -5.12699
0.0627911 0.896966 -0.437617 -21.881 -0.997229 0.0739118 0.00840753 0.42054 0.0398863 0.435876 0.899122 -5.04389
0.187381 0.882292 -0.431797 -21.5899 -0.981503 0.18574 -0.0464075 -2.32021 0.0392568 0.432506 0.900776 -4.96117
0.309017 0.853728 -0.419115 -20.9558 -0.950297 0.294783 -0.100195 -5.00959 0.0380083 0.429246 0.902388 -4.88058
0.425779 0.811741 -0.399737 -19.9869 -0.904104 0.399326 -0.152099 -7.60476 0.0361602 0.426164 0.903923 -4.80382
0.535827 0.757008 -0.373936 -18.6969 -0.843653 0.497727 -0.201287 -10.0642 0.0337424 0.423328 0.905348 -4.73256
0.637424 0.690409 -0.342091 -17.1046 -0.769898 0.588443 -0.246967 -12.3482 0.0307927 0.420798 0.906632 -4.66838
0.728968 0.613007 -0.304675 -15.2338 -0.684001 0.670052 -0.288399 -14.4198 0.0273576 0.418632 0.907744 -4.61277
0.809016 0.526037 -0.262254 -13.1127 -0.587316 0.74128 -0.324906 -16.2452 0.0234908 0.41688 0.908658 -4.56707
0.876306 0.430881 -0.215473 -10.7737 -0.48137 0.801017 -0.355885 -17.7942 0.0192533 0.415587 0.90935 -4.53249
0.929776 0.329049 -0.165054 -8.25269 -0.367831 0.848337 -0.38082 -19.0409 0.0147125 0.41479 0.909798 -4.51007
0.968583 0.222156 -0.111776 -5.58878 -0.248492 0.882509 -0.399287 -19.9643 0.00993927 0.414518 0.909987 -4.50064
0.992115 0.111891 -0.05647 -2.82346 -0.125233 0.90301 -0.410962 -20.548 0.00501005 0.414793 0.909902 -4.50487
1 -2.40958e-07 -1.38387e-06 -7.61161e-06 -3.56013e-07 0.909535 -0.415626 -20.7812 1.35883e-06 0.415626 0.909535 -4.52319
0.992115 -0.111752 0.0567417 2.83714 0.125232 0.902 -0.413174 -20.6585 -0.00500801 0.417021 0.908883 -4.5558
0.968583 -0.221605 0.112862 5.64312 0.248491 0.880541 -0.403607 -20.1802 -0.0099381 0.418973 0.907945 -4.60271
0.929776 -0.327827 0.167467 8.37335 0.367831 0.845515 -0.387046 -19.3521 -0.0147119 0.421466 0.906725 -4.66367
0.876306 -0.428749 0.219685 10.9842 0.481369 0.797491 -0.363718 -18.1857 -0.0192535 0.424478 0.905233 -4.73824
0.809017 -0.522785 0.268678 13.4338 0.587316 0.737245 -0.333961 -16.6978 -0.0234916 0.427979 0.903483 -4.82573
0.728968 -0.608463 0.313653 15.6826 0.684 0.665741 -0.298215 -14.9106 -0.0273584 0.431928 0.901493 -4.92526
